# BIN:     VELOCITY:     AVE_POFV:        ERROR:
# Block 1
   0.0942809   0.0026762   0.0026762           0
    0.282843  0.00697286  0.00697286           0
    0.471405   0.0376633   0.0376633           0
    0.659966   0.0659475   0.0659475           0
    0.848528    0.158755    0.158755           0
     1.03709    0.275698    0.275698           0
     1.22565    0.293818    0.293818           0
     1.41421     0.33374     0.33374           0
     1.60278    0.307837    0.307837           0
     1.79134    0.382722    0.382722           0
      1.9799    0.425762    0.425762           0
     2.16846    0.380856    0.380856           0
     2.35702    0.441966    0.441966           0
     2.54558    0.641282    0.641282           0
     2.73415    0.435239    0.435239           0
     2.92271    0.313018    0.313018           0
     3.11127    0.242822    0.242822           0
     3.29983    0.157528    0.157528           0
     3.48839    0.109233    0.109233           0
     3.67696    0.102972    0.102972           0
     3.86552   0.0580662   0.0580662           0
     4.05408   0.0287999   0.0287999           0
     4.24264   0.0339559   0.0339559           0
      4.4312   0.0161063   0.0161063           0
     4.61976   0.0319671   0.0319671           0
     4.80833   0.0101647   0.0101647           0
     4.99689  0.00596621  0.00596621           0
     5.18545  0.00117851  0.00117851           0
     5.37401 0.000589256 0.000589256           0
     5.56257           0           0           0


# Block 2
   0.0942809  0.00999279   0.0063345  0.00258681
    0.282843   0.0351589   0.0210659  0.00996528
    0.471405   0.0690902   0.0533767   0.0111111
    0.659966    0.114635   0.0902912   0.0172135
    0.848528    0.247217    0.202986    0.031276
     1.03709    0.296273    0.285985  0.00727431
     1.22565    0.313018    0.303418  0.00678819
     1.41421    0.453162    0.393451   0.0422222
     1.60278    0.437179    0.372508   0.0457292
     1.79134    0.607768    0.495245    0.079566
      1.9799    0.556429    0.491095   0.0461979
     2.16846     0.54953    0.465193   0.0596354
     2.35702    0.411079    0.426523   0.0109201
     2.54558    0.331358     0.48632    0.109575
     2.73415    0.222763    0.329001   0.0751215
     2.92271     0.22566    0.269339   0.0308854
     3.11127    0.112032    0.177427   0.0462413
     3.29983   0.0882656    0.122897   0.0244878
     3.48839    0.035429   0.0723311   0.0260937
     3.67696   0.0550954   0.0790339   0.0169271
     3.86552   0.0177022   0.0378842   0.0142708
     4.05408   0.0120306   0.0204153  0.00592882
     4.24264    0.037565   0.0357605  0.00127604
      4.4312   0.0309114   0.0235088  0.00523437
     4.61976   0.0205257   0.0262464  0.00404514
     4.80833   0.0119815   0.0110731 0.000642361
     4.99689  0.00144859   0.0037074  0.00159722
     5.18545           0 0.000589256 0.000416667
     5.37401           0 0.000294628 0.000208333
     5.56257           0           0           0


# Block 3
   0.0942809    0.047165   0.0199447   0.0112457
    0.282843   0.0872098   0.0431139   0.0191889
    0.471405    0.082594   0.0631158   0.0108675
    0.659966    0.155711    0.112098   0.0211827
    0.848528    0.247045    0.217673    0.024053
     1.03709    0.386134    0.319368   0.0276851
     1.22565    0.384121    0.330319   0.0224261
     1.41421    0.353799    0.380234    0.030146
     1.60278    0.506932    0.417316   0.0476225
     1.79134     0.56981      0.5201   0.0567936
      1.9799    0.350411    0.444201    0.049139
     2.16846    0.577127    0.502504    0.050087
     2.35702    0.388639    0.413895   0.0126219
     2.54558    0.367646    0.446762   0.0798717
     2.73415    0.214514    0.290839   0.0589833
     2.92271    0.164378    0.234352   0.0352139
     3.11127    0.146676    0.167177   0.0319435
     3.29983   0.0906717    0.112155    0.018532
     3.48839    0.022048   0.0555701   0.0221338
     3.67696   0.0505778   0.0695485   0.0136867
     3.86552   0.0351835    0.036984  0.00954224
     4.05408  0.00397748    0.014936  0.00596971
     4.24264  0.00390382   0.0251416  0.00871191
      4.4312    0.037295   0.0281042  0.00512401
     4.61976   0.0178004   0.0234311  0.00354353
     4.80833   0.0102629    0.010803 0.000481682
     4.99689  0.00166956  0.00302812   0.0012006
     5.18545           0 0.000392837  0.00032075
     5.37401           0 0.000196419 0.000160375
     5.56257           0           0           0


# Block 4
   0.0942809  0.00653092   0.0165912  0.00892025
    0.282843   0.0473369   0.0441696   0.0144207
    0.471405   0.0943791   0.0709316   0.0105947
    0.659966     0.20511    0.135351   0.0256501
    0.848528     0.30985    0.240717   0.0269019
     1.03709    0.448694      0.3517   0.0348586
     1.22565    0.407912    0.349717   0.0237722
     1.41421    0.446582    0.396821   0.0267869
     1.60278    0.560382    0.453082   0.0472772
     1.79134    0.448448    0.502187   0.0453322
      1.9799    0.477076    0.452419   0.0375353
     2.16846    0.493477    0.500247    0.037616
     2.35702    0.322102    0.390947   0.0220132
     2.54558    0.241988    0.395569   0.0745255
     2.73415     0.17302    0.261384    0.051065
     2.92271    0.124382    0.206859   0.0355582
     3.11127   0.0561512     0.13942   0.0339379
     3.29983    0.175033    0.127875   0.0194554
     3.48839   0.0962451   0.0657388   0.0187916
     3.67696   0.0563967   0.0662606   0.0106527
     3.86552   0.0204766   0.0328571  0.00799945
     4.05408   0.0261973   0.0177513   0.0050981
     4.24264  0.00245523     0.01947  0.00817419
      4.4312 0.000712017   0.0212562  0.00706686
     4.61976   0.0144122   0.0211764  0.00329786
     4.80833  0.00545061  0.00946492  0.00121384
     4.99689  0.00105575  0.00253503 0.000996578
     5.18545   0.0304694  0.00791198  0.00651621
     5.37401  0.00766032  0.00206239  0.00162045
     5.56257  0.00331456 0.000828641 0.000717624


# Block 5
   0.0942809 0.000220971   0.0133172  0.00771368
    0.282843   0.0308868   0.0415131   0.0117787
    0.471405    0.060988   0.0689429  0.00866042
    0.659966    0.216993    0.151679   0.0251867
    0.848528    0.264134      0.2454   0.0219254
     1.03709    0.338969    0.349154   0.0279797
     1.22565    0.436221    0.367018    0.024518
     1.41421    0.590017     0.43546   0.0406647
     1.60278    0.556822     0.47383   0.0421292
     1.79134    0.485277    0.498805   0.0363917
      1.9799    0.466077    0.455151   0.0301275
     2.16846    0.385152    0.477228    0.036462
     2.35702    0.383753    0.389508   0.0176575
     2.54558     0.22566    0.361587   0.0669208
     2.73415    0.278006    0.264708     0.04096
     2.92271    0.181982    0.201884   0.0287926
     3.11127   0.0744672     0.12643   0.0295321
     3.29983    0.118219    0.125944   0.0156598
     3.48839    0.060546   0.0647003   0.0150619
     3.67696   0.0215324   0.0573149   0.0116896
     3.86552   0.0156398   0.0294137  0.00710213
     4.05408   0.0389154   0.0219841  0.00556484
     4.24264   0.0103856   0.0176531  0.00673825
      4.4312   0.0261973   0.0222444  0.00572217
     4.61976  0.00766032   0.0184732  0.00357861
     4.80833   0.0104838   0.0096687 0.000988026
     4.99689   0.0169657  0.00542115  0.00270174
     5.18545  0.00112941  0.00655547  0.00535231
     5.37401           0  0.00164992  0.00134784
     5.56257           0 0.000662913 0.000592927


# Block 6
   0.0942809  0.00714472   0.0122884   0.0064963
    0.282843   0.0386699   0.0410392  0.00982509
    0.471405    0.112892   0.0762677  0.00983848
    0.659966    0.254632    0.168838   0.0261895
    0.848528    0.233149    0.243358    0.018366
     1.03709     0.31368    0.343241   0.0239329
     1.22565    0.355125    0.365036   0.0205116
     1.41421    0.539807    0.452851   0.0374218
     1.60278    0.418691     0.46464   0.0360961
     1.79134     0.46971    0.493956   0.0306478
      1.9799    0.387264    0.443836   0.0271478
     2.16846    0.489647    0.479298   0.0304437
     2.35702    0.406734    0.392379   0.0149461
     2.54558    0.374742    0.363779   0.0558032
     2.73415    0.310317     0.27231   0.0348316
     2.92271    0.201894    0.201886   0.0239938
     3.11127    0.113088    0.124206   0.0246937
     3.29983    0.178864    0.134764   0.0153338
     3.48839   0.0484417   0.0619905    0.012793
     3.67696   0.0255344   0.0520182   0.0108753
     3.86552  0.00287262   0.0249902  0.00716479
     4.05408   0.0174076   0.0212214  0.00468935
     4.24264  0.00299538   0.0152102  0.00604185
      4.4312           0    0.018537  0.00584743
     4.61976           0   0.0153943  0.00409791
     4.80833           0  0.00805725  0.00168579
     4.99689           0  0.00451763  0.00239778
     5.18545           0  0.00546289  0.00457041
     5.37401           0  0.00137493  0.00115091
     5.56257           0 0.000552427 0.000504295


# Block 7
   0.0942809  0.00203784   0.0108241  0.00573093
    0.282843   0.0606442   0.0438399  0.00881165
    0.471405   0.0973745   0.0792829  0.00888302
    0.659966    0.209652    0.174669    0.023088
    0.848528    0.282573    0.248961   0.0165747
     1.03709    0.372999    0.347492   0.0208881
     1.22565    0.456256    0.378067   0.0213228
     1.41421    0.533522    0.464376   0.0338038
     1.60278    0.417758    0.457943   0.0315547
     1.79134    0.339436    0.471882   0.0332829
      1.9799    0.421833    0.440693   0.0234508
     2.16846    0.376534    0.464618   0.0294221
     2.35702     0.44177    0.399435   0.0143803
     2.54558    0.373809    0.365212   0.0478497
     2.73415    0.344371    0.282604     0.03134
     2.92271    0.153771    0.195012   0.0215282
     3.11127   0.0913837    0.119517   0.0216066
     3.29983    0.124603    0.133312   0.0132118
     3.48839   0.0776344   0.0642254    0.011159
     3.67696   0.0652601   0.0539099  0.00948481
     3.86552   0.0166219   0.0237947  0.00624018
     4.05408   0.0141912   0.0202171  0.00412559
     4.24264   0.0287017   0.0171375  0.00547752
      4.4312 0.000564703   0.0159695  0.00554717
     4.61976           0   0.0131951  0.00405994
     4.80833           0  0.00690622  0.00179542
     4.99689           0  0.00387225  0.00214033
     5.18545           0  0.00468248  0.00398357
     5.37401           0  0.00117851  0.00100311
     5.56257           0 0.000473509 0.000438384


# Block 8
   0.0942809  0.00716928   0.0103672  0.00503274
    0.282843    0.126886   0.0542207   0.0123991
    0.471405     0.10501   0.0824989  0.00833447
    0.659966    0.208032    0.178839   0.0205752
    0.848528     0.27091    0.251704   0.0147282
     1.03709    0.292099    0.340568   0.0193908
     1.22565    0.415769     0.38278   0.0191712
     1.41421    0.326693    0.447165   0.0336756
     1.60278    0.529864    0.466933   0.0288626
     1.79134    0.430058    0.466654   0.0295303
      1.9799    0.561904    0.455844   0.0249383
     2.16846    0.476217    0.466067     0.02578
     2.35702     0.40391    0.399994   0.0125937
     2.54558    0.363129    0.364952   0.0418692
     2.73415    0.254878    0.279138   0.0276135
     2.92271    0.179256    0.193043    0.018927
     3.11127    0.111026    0.118456   0.0189318
     3.29983   0.0726012    0.125723   0.0135659
     3.48839   0.0546289   0.0630258  0.00982836
     3.67696   0.0392101   0.0520724  0.00847533
     3.86552   0.0124971   0.0223825  0.00561768
     4.05408  0.00812682   0.0187058  0.00387682
     4.24264    0.031697   0.0189575   0.0050862
      4.4312   0.0217288   0.0166894  0.00490027
     4.61976           0   0.0115457  0.00387302
     4.80833           0  0.00604294  0.00176638
     4.99689           0  0.00338822  0.00192674
     5.18545           0  0.00409717  0.00352836
     5.37401           0   0.0010312 0.000888475
     5.56257           0  0.00041432 0.000387561


# Block 9
   0.0942809  0.00753756   0.0100528  0.00448336
    0.282843   0.0393819    0.052572   0.0111305
    0.471405    0.112548   0.0858376  0.00804944
    0.659966    0.205748    0.181829   0.0185051
    0.848528    0.273243    0.254097   0.0132847
     1.03709    0.343487    0.340893    0.017239
     1.22565    0.462099    0.391593   0.0189589
     1.41421    0.392567    0.441099   0.0304754
     1.60278    0.550586    0.476228    0.027111
     1.79134    0.385741    0.457663   0.0275837
      1.9799     0.37732     0.44712   0.0236444
     2.16846    0.493182     0.46908   0.0230909
     2.35702    0.381175    0.397903   0.0113667
     2.54558    0.304645    0.358251   0.0377495
     2.73415    0.340983     0.28601   0.0253859
     2.92271    0.202532    0.194097   0.0168534
     3.11127    0.167791    0.123937    0.017604
     3.29983    0.106385    0.123575   0.0122275
     3.48839   0.0493502   0.0615063    0.008853
     3.67696   0.0437277   0.0511452  0.00758417
     3.86552   0.0160327    0.021677  0.00503761
     4.05408   0.0124726   0.0180132  0.00350738
     4.24264   0.0315743   0.0203593   0.0047103
      4.4312   0.0031918   0.0151897  0.00457955
     4.61976           0   0.0102629  0.00364897
     4.80833           0   0.0053715  0.00169293
     4.99689           0  0.00301175  0.00174905
     5.18545           0  0.00364193  0.00316555
     5.37401           0  0.00091662 0.000797109
     5.56257           0 0.000368285 0.000347222


# Block 10
   0.0942809  0.00559793  0.00960732  0.00405709
    0.282843   0.0398239   0.0512972   0.0100902
    0.471405     0.07815   0.0850689  0.00728111
    0.659966    0.245032    0.188149    0.017701
    0.848528    0.368604    0.265548   0.0161542
     1.03709    0.484147    0.355218   0.0206256
     1.22565    0.436393    0.396073   0.0175844
     1.41421    0.459914     0.44298   0.0274859
     1.60278    0.431556    0.471761   0.0247652
     1.79134    0.408845    0.452782   0.0252536
      1.9799    0.367548    0.439162   0.0225792
     2.16846    0.434748    0.465647   0.0210355
     2.35702    0.367941    0.394907   0.0106175
     2.54558    0.296936     0.35212   0.0344689
     2.73415    0.204079    0.277817   0.0241333
     2.92271    0.227993    0.197487   0.0155051
     3.11127    0.156742    0.127218   0.0161464
     3.29983   0.0718401    0.118401   0.0120496
     3.48839   0.0832078   0.0636764  0.00822939
     3.67696   0.0209922   0.0481299  0.00740093
     3.86552    0.036853   0.0231946  0.00475695
     4.05408   0.0242331   0.0186352  0.00321132
     4.24264   0.0412479   0.0224482  0.00467957
      4.4312   0.0108767   0.0147584  0.00414185
     4.61976           0  0.00923658  0.00342536
     4.80833           0  0.00483435  0.00160659
     4.99689           0  0.00271058  0.00159987
     5.18545           0  0.00327773  0.00286987
     5.37401           0 0.000824958 0.000722649
     5.56257           0 0.000331456 0.000314447


# Block 11
   0.0942809  0.00333912  0.00903749  0.00372807
    0.282843   0.0139457   0.0479016   0.0097275
    0.471405   0.0829868   0.0848796  0.00662165
    0.659966    0.194258    0.188705   0.0161005
    0.848528    0.371722      0.2752    0.017331
     1.03709    0.452278    0.364042   0.0205514
     1.22565    0.478402    0.403558   0.0175063
     1.41421    0.506932    0.448794   0.0255946
     1.60278    0.486357    0.473087   0.0225494
     1.79134    0.506342    0.457651   0.0234226
      1.9799    0.341032    0.430241   0.0222191
     2.16846    0.357089    0.455778   0.0213129
     2.35702    0.359937    0.391728   0.0101171
     2.54558    0.270738    0.344721   0.0321195
     2.73415    0.237004    0.274107   0.0222227
     2.92271     0.18208    0.196086   0.0141587
     3.11127    0.157921    0.130009   0.0149178
     3.29983   0.0843372    0.115304   0.0113451
     3.48839   0.0892477   0.0660011  0.00780269
     3.67696   0.0457655    0.047915  0.00673124
     3.86552   0.0491537   0.0255545  0.00487486
     4.05408   0.0202311   0.0187803  0.00292266
     4.24264   0.0122025   0.0215168  0.00434586
      4.4312           0   0.0134167  0.00397669
     4.61976           0  0.00839689  0.00321523
     4.80833           0  0.00439487  0.00151946
     4.99689           0  0.00246416  0.00147328
     5.18545           0  0.00297976   0.0026244
     5.37401           0 0.000749962 0.000660834
     5.56257           0 0.000301324 0.000287301


# Block 12
   0.0942809  0.00414934  0.00863014  0.00343958
    0.282843   0.0125217   0.0449532  0.00935301
    0.471405   0.0990686    0.086062  0.00617452
    0.659966    0.125634    0.183449   0.0155931
    0.848528      0.3236    0.279234   0.0163493
     1.03709    0.298556    0.358585   0.0195499
     1.22565    0.375749     0.40124   0.0162001
     1.41421    0.650563    0.465608   0.0284536
     1.60278    0.610837    0.484567   0.0234104
     1.79134    0.630896    0.472088   0.0255353
      1.9799    0.436761    0.430785   0.0203742
     2.16846    0.300275    0.442819   0.0231434
     2.35702    0.280338    0.382445   0.0128448
     2.54558    0.296371    0.340692   0.0296945
     2.73415    0.302902    0.276506      0.0205
     2.92271    0.213679    0.197552   0.0130545
     3.11127    0.132632    0.130228   0.0136763
     3.29983    0.040143    0.109041   0.0120048
     3.48839   0.0986021   0.0687178  0.00761075
     3.67696   0.0311569   0.0465185   0.0063135
     3.86552   0.0126935   0.0244828  0.00458492
     4.05408   0.0175795   0.0186802  0.00268082
     4.24264  0.00859331   0.0204398  0.00411498
      4.4312           0   0.0122987  0.00379922
     4.61976           0  0.00769715  0.00302248
     4.80833           0  0.00402863   0.0014363
     4.99689           0  0.00225881  0.00136474
     5.18545           0  0.00273145  0.00241742
     5.37401           0 0.000687465 0.000608713
     5.56257           0 0.000276214 0.000264454


# Block 13
   0.0942809  0.00562248  0.00839878  0.00318277
    0.282843   0.0324091   0.0439883  0.00868318
    0.471405    0.110436    0.087937  0.00597745
    0.659966    0.151021    0.180954   0.0145918
    0.848528    0.389817     0.28774   0.0171625
     1.03709     0.39242    0.361187   0.0182185
     1.22565    0.475677    0.406966   0.0159337
     1.41421      0.5512    0.472192   0.0270159
     1.60278    0.499419    0.485709   0.0216375
     1.79134    0.512702    0.475212   0.0237614
      1.9799    0.403198    0.428663   0.0189171
     2.16846    0.362417    0.436635   0.0221742
     2.35702    0.315767    0.377316   0.0128401
     2.54558    0.231258    0.332274   0.0285786
     2.73415    0.255172    0.274865   0.0189886
     2.92271    0.183897    0.196502   0.0120925
     3.11127     0.18127    0.134154   0.0131758
     3.29983   0.0879955    0.107422     0.01119
     3.48839   0.0598094   0.0680326  0.00705609
     3.67696   0.0502831   0.0468081  0.00583449
     3.86552   0.0283579   0.0247808  0.00424191
     4.05408   0.0219743   0.0189336  0.00248655
     4.24264  0.00117851   0.0189582  0.00405642
      4.4312           0   0.0113526  0.00362285
     4.61976           0  0.00710506  0.00284739
     4.80833           0  0.00371873  0.00135884
     4.99689           0  0.00208506  0.00127077
     5.18545           0  0.00252133  0.00224057
     5.37401           0 0.000634583 0.000564181
     5.56257           0 0.000254966 0.000244964


# Block 14
   0.0942809  0.00692375  0.00829342  0.00295717
    0.282843   0.0484908   0.0443099  0.00806891
    0.471405    0.147191   0.0921694  0.00688781
    0.659966    0.166907    0.179951    0.013584
    0.848528    0.362196    0.293058   0.0167404
     1.03709    0.342603     0.35986   0.0169655
     1.22565    0.322617    0.400941   0.0158939
     1.41421    0.565956    0.478889    0.025903
     1.60278    0.708776    0.501642   0.0252869
     1.79134    0.485129     0.47592   0.0220747
      1.9799    0.488198    0.432915   0.0180375
     2.16846     0.35704    0.430949   0.0213067
     2.35702    0.298041    0.371654   0.0131122
     2.54558    0.190133    0.322121   0.0282833
     2.73415    0.166391    0.267117   0.0191479
     2.92271    0.150997    0.193251   0.0116574
     3.11127    0.197548    0.138682   0.0129895
     3.29983    0.119766    0.108304   0.0104254
     3.48839   0.0414198   0.0661317  0.00680332
     3.67696   0.0349625   0.0459619  0.00547875
     3.86552   0.0578207   0.0271408  0.00454828
     4.05408   0.0348888   0.0200733   0.0025568
     4.24264  0.00930533   0.0182687  0.00382483
      4.4312           0   0.0105417  0.00345364
     4.61976           0  0.00659756  0.00268885
     4.80833           0  0.00345311  0.00128748
     4.99689           0  0.00193613   0.0011887
     5.18545           0  0.00234124  0.00208776
     5.37401           0 0.000589256   0.0005257
     5.56257           0 0.000236755 0.000228142


# Block 15
   0.0942809   0.0410515   0.0104773  0.00347406
    0.282843   0.0130864   0.0422284  0.00779485
    0.471405    0.032139   0.0881674  0.00750171
    0.659966    0.092194      0.1741   0.0138812
    0.848528    0.315252    0.294538   0.0156896
     1.03709    0.369807    0.360523   0.0158474
     1.22565    0.522449    0.409042    0.016772
     1.41421    0.502488    0.480463   0.0242239
     1.60278    0.589207     0.50748   0.0242655
     1.79134    0.577176    0.482671   0.0216105
      1.9799    0.463229    0.434936   0.0169479
     2.16846    0.421465    0.430317   0.0198956
     2.35702    0.367327    0.371365   0.0122412
     2.54558    0.193399     0.31354    0.027669
     2.73415    0.190968     0.26204   0.0185321
     2.92271    0.197155    0.193512   0.0108831
     3.11127    0.147731    0.139285   0.0121375
     3.29983     0.08117    0.106495  0.00988605
     3.48839   0.0769715   0.0668543  0.00638803
     3.67696   0.0403886   0.0455904  0.00512608
     3.86552   0.0265656   0.0271025  0.00424522
     4.05408   0.0172848   0.0198874   0.0023931
     4.24264  0.00790585   0.0175778   0.0036317
      4.4312  0.00316725   0.0100501   0.0032582
     4.61976  0.00144859  0.00625429  0.00253141
     4.80833 0.000220971  0.00323763  0.00121954
     4.99689 0.000245523  0.00182342  0.00111478
     5.18545 0.000294628   0.0022048  0.00195303
     5.37401  0.00645726 0.000980456 0.000619335
     5.56257  0.00505778 0.000558156 0.000376501


# Block 16
   0.0942809  0.00967361   0.0104271  0.00325729
    0.282843   0.0404622    0.042118  0.00730846
    0.471405    0.140955   0.0914666  0.00772435
    0.659966    0.158461    0.173123    0.013048
    0.848528    0.176556    0.287164   0.0163502
     1.03709    0.228287    0.352258    0.016875
     1.22565    0.457852    0.412092   0.0159988
     1.41421    0.434331    0.477579   0.0228808
     1.60278    0.532442     0.50904    0.022799
     1.79134    0.615723    0.490987   0.0218012
      1.9799    0.470668    0.437169   0.0160351
     2.16846    0.406267    0.428814   0.0187088
     2.35702    0.529913    0.381274   0.0149585
     2.54558    0.334869    0.314873   0.0259718
     2.73415    0.276361    0.262935   0.0173955
     2.92271    0.166367    0.191815   0.0103343
     3.11127    0.102604    0.136993   0.0115934
     3.29983    0.151807    0.109327   0.0096653
     3.48839   0.0448816    0.065481  0.00613462
     3.67696   0.0101647   0.0433763  0.00526219
     3.86552   0.0063345   0.0258045  0.00417361
     4.05408  0.00385471   0.0188853  0.00244433
     4.24264  0.00274986   0.0166511  0.00352098
      4.4312  0.00171866  0.00952937  0.00309589
     4.61976           0   0.0058634  0.00240319
     4.80833           0  0.00303528  0.00115999
     4.99689           0  0.00170946  0.00105092
     5.18545           0    0.002067  0.00183582
     5.37401           0 0.000919177  0.00058365
     5.56257           0 0.000523271 0.000354582


# Block 17
   0.0942809  0.00105575  0.00987581  0.00311198
    0.282843   0.0321881   0.0415339  0.00690185
    0.471405    0.122197   0.0932743   0.0074785
    0.659966    0.164623    0.172623     0.01229
    0.848528    0.217288    0.283054   0.0158967
     1.03709    0.355567    0.352453   0.0158835
     1.22565    0.504035    0.417501   0.0159457
     1.41421    0.513512    0.479693   0.0216323
     1.60278    0.464014    0.506392   0.0216112
     1.79134    0.534848    0.493567   0.0206709
      1.9799     0.44997    0.437922   0.0151095
     2.16846    0.470496    0.431266   0.0177683
     2.35702    0.384833    0.381484   0.0140801
     2.54558    0.248813    0.310987   0.0247331
     2.73415     0.27533    0.263664   0.0163875
     2.92271    0.170884    0.190584  0.00979949
     3.11127    0.120773    0.136039   0.0109506
     3.29983    0.149155     0.11167  0.00937641
     3.48839   0.0426228   0.0641364  0.00591928
     3.67696   0.0165728   0.0417996  0.00518347
     3.86552   0.0211395   0.0255301  0.00393712
     4.05408   0.0219989   0.0190685   0.0023074
     4.24264   0.0195191   0.0168198   0.0033179
      4.4312  0.00186598  0.00907858  0.00294642
     4.61976           0  0.00551849  0.00228644
     4.80833           0  0.00285673  0.00110541
     4.99689           0   0.0016089 0.000993899
     5.18545           0  0.00194541  0.00173185
     5.37401           0 0.000865108 0.000551817
     5.56257           0 0.000492491 0.000335057


# Block 18
   0.0942809   0.0133565   0.0100692   0.0029451
    0.282843    0.106164   0.0451244  0.00739363
    0.471405    0.109012   0.0941486  0.00711396
    0.659966    0.146995    0.171199   0.0116894
    0.848528    0.197499    0.278301   0.0157081
     1.03709    0.241865    0.346309   0.0161456
     1.22565    0.391855    0.416076   0.0151233
     1.41421    0.614594    0.487188   0.0216899
     1.60278    0.649851    0.514362   0.0218308
     1.79134    0.519159    0.494988   0.0195713
      1.9799     0.51857    0.442403   0.0149196
     2.16846    0.436147    0.431537   0.0167832
     2.35702    0.401455    0.382593   0.0133415
     2.54558    0.225169    0.306219   0.0238141
     2.73415    0.232781    0.261949   0.0155666
     2.92271    0.160793    0.188929  0.00939379
     3.11127    0.082103    0.133042   0.0107444
     3.29983   0.0884866    0.110382  0.00894352
     3.48839   0.0718892   0.0645671  0.00560608
     3.67696   0.0277932   0.0410215  0.00495356
     3.86552   0.0118097   0.0247678  0.00379146
     4.05408 0.000687465   0.0180473  0.00239454
     4.24264   0.0338331    0.017765  0.00326543
      4.4312   0.0190772  0.00963406   0.0028346
     4.61976  0.00235702  0.00534286  0.00216615
     4.80833           0  0.00269803  0.00105533
     4.99689           0  0.00151952 0.000942693
     5.18545           0  0.00183733    0.001639
     5.37401           0 0.000817047 0.000523249
     5.56257           0  0.00046513 0.000317558


# Block 19
   0.0942809  0.00392837  0.00974598  0.00280777
    0.282843   0.0711281    0.046493  0.00713003
    0.471405   0.0908436   0.0939746  0.00674167
    0.659966    0.119717     0.16849   0.0113839
    0.848528    0.276582     0.27821   0.0148816
     1.03709    0.296567    0.343691   0.0155066
     1.22565    0.417758    0.416164   0.0143276
     1.41421    0.491464    0.487413   0.0205495
     1.60278     0.45984    0.511492   0.0208695
     1.79134     0.51523    0.496054   0.0185703
      1.9799    0.570522    0.449146   0.0155839
     2.16846    0.475505    0.433851   0.0160586
     2.35702    0.524929    0.390085   0.0145917
     2.54558    0.247119    0.303109   0.0227629
     2.73415    0.233002    0.260425   0.0148217
     2.92271    0.237175    0.191468  0.00923622
     3.11127   0.0819311    0.130352   0.0105103
     3.29983   0.0248224    0.105879  0.00953935
     3.48839   0.0659721   0.0646411  0.00531151
     3.67696   0.0554637   0.0417816  0.00475081
     3.86552  0.00653092    0.023808  0.00371141
     4.05408  0.00193963   0.0171995  0.00241392
     4.24264   0.0154434   0.0176428  0.00309585
      4.4312   0.0133319  0.00982868  0.00269209
     4.61976  0.00466494  0.00530718  0.00205244
     4.80833  0.00189053  0.00265553  0.00100064
     4.99689           0  0.00143954 0.000896463
     5.18545           0  0.00174063  0.00155559
     5.37401           0 0.000774044 0.000497474
     5.56257           0  0.00044065 0.000301787


# Block 20
   0.0942809   0.0106557  0.00979146  0.00266775
    0.282843   0.0505287   0.0466948  0.00677639
    0.471405   0.0592202   0.0922369  0.00662475
    0.659966    0.213139    0.170722   0.0110314
    0.848528    0.265607     0.27758   0.0141508
     1.03709    0.326791    0.342846   0.0147543
     1.22565    0.368309    0.413772   0.0138096
     1.41421     0.32716      0.4794   0.0210262
     1.60278    0.427873    0.507311   0.0202405
     1.79134    0.603422    0.501422   0.0184014
      1.9799    0.569246    0.455151   0.0159196
     2.16846    0.556699    0.439994   0.0163884
     2.35702    0.420851    0.391623    0.013943
     2.54558    0.330572    0.304482   0.0216662
     2.73415    0.374595    0.266134   0.0151401
     2.92271    0.205503     0.19217  0.00880102
     3.11127    0.123032    0.129986  0.00999113
     3.29983    0.041788    0.102674  0.00958553
     3.48839   0.0196664   0.0623924   0.0055014
     3.67696  0.00333912   0.0398595  0.00488666
     3.86552  0.00166956   0.0227011  0.00368722
     4.05408  0.00208695   0.0164439  0.00240859
     4.24264   0.0015468    0.016838  0.00304387
      4.4312           0  0.00933725  0.00260195
     4.61976           0  0.00504182  0.00196689
     4.80833           0  0.00252275 0.000959377
     4.99689           0  0.00136756 0.000854525
     5.18545           0   0.0016536  0.00148024
     5.37401           0 0.000735342 0.000474103
     5.56257           0 0.000418617 0.000287501


# Block 21
   0.0942809 0.000564703   0.0093521  0.00257664
    0.282843   0.0297574   0.0458883  0.00650152
    0.471405   0.0899597   0.0921285  0.00631018
    0.659966    0.188292    0.171559   0.0105378
    0.848528    0.272899    0.277357   0.0134787
     1.03709    0.240195    0.337958   0.0148394
     1.22565     0.39156    0.412714   0.0131924
     1.41421    0.490629    0.479935   0.0200318
     1.60278    0.612703     0.51233   0.0198892
     1.79134    0.553606    0.503907   0.0176921
      1.9799     0.55859    0.460077   0.0159053
     2.16846    0.391118    0.437666   0.0157724
     2.35702     0.41076    0.392534   0.0133088
     2.54558    0.238796    0.301354    0.020859
     2.73415    0.307174    0.268088   0.0145447
     2.92271    0.215889    0.193299  0.00845409
     3.11127    0.171449    0.131961  0.00970849
     3.29983   0.0513389     0.10023  0.00943564
     3.48839   0.0417635     0.06141  0.00532641
     3.67696   0.0263446   0.0392159  0.00469615
     3.86552  0.00697286   0.0219521   0.0035869
     4.05408   0.0101401   0.0161437  0.00231253
     4.24264  0.00257799   0.0161589   0.0029737
      4.4312 0.000220971  0.00890314    0.002514
     4.61976           0  0.00480173  0.00188783
     4.80833           0  0.00240262 0.000921183
     4.99689           0  0.00130244 0.000816311
     5.18545           0  0.00157486  0.00141185
     5.37401           0 0.000700326 0.000452818
     5.56257           0 0.000398683   0.0002745


# Block 22
   0.0942809  0.00360919  0.00909105  0.00247271
    0.282843   0.0703424   0.0469998   0.0063003
    0.471405    0.107662   0.0928345  0.00606272
    0.659966    0.152126    0.170675   0.0100958
    0.848528    0.217313    0.274628   0.0131395
     1.03709    0.370003    0.339415   0.0142362
     1.22565    0.435264    0.413739   0.0126325
     1.41421    0.623383    0.486455   0.0201545
     1.60278    0.532442    0.513244   0.0190061
     1.79134    0.470128    0.502372   0.0169544
      1.9799    0.394433    0.457093   0.0154597
     2.16846    0.325441    0.432565   0.0158589
     2.35702    0.449111    0.395106   0.0129499
     2.54558    0.426302    0.307033   0.0206696
     2.73415    0.235653    0.266614   0.0139581
     2.92271    0.154557    0.191538  0.00825119
     3.11127    0.193153    0.134742  0.00965742
     3.29983   0.0628294   0.0985296  0.00915861
     3.48839   0.0485154   0.0608239  0.00511645
     3.67696    0.017825   0.0382436  0.00458224
     3.86552   0.0132091   0.0215547   0.0034458
     4.05408           0   0.0154099  0.00232092
     4.24264           0   0.0154244  0.00292784
      4.4312           0  0.00849845  0.00243208
     4.61976           0  0.00458347  0.00181459
     4.80833           0  0.00229341 0.000885761
     4.99689           0  0.00124324  0.00078135
     5.18545           0  0.00150327  0.00134949
     5.37401           0 0.000668493 0.000433353
     5.56257           0 0.000380561 0.000262621


# Block 23
   0.0942809   0.0158854  0.00938646  0.00238278
    0.282843   0.0624857   0.0476731  0.00606225
    0.471405    0.121117   0.0940642  0.00592252
    0.659966    0.252938    0.174252   0.0102709
    0.848528    0.262906    0.274118   0.0125781
     1.03709    0.275379     0.33663   0.0138868
     1.22565    0.389154     0.41267   0.0121284
     1.41421    0.599715    0.491379   0.0198707
     1.60278     0.41189    0.508837   0.0186836
     1.79134    0.550242    0.504453   0.0163445
      1.9799    0.471503    0.457719   0.0148002
     2.16846    0.368137    0.429764   0.0154148
     2.35702    0.454193    0.397675   0.0126391
     2.54558    0.387534    0.310533   0.0200651
     2.73415    0.241128    0.265506   0.0133951
     2.92271   0.0982829    0.187484  0.00883264
     3.11127    0.117507    0.133993  0.00926656
     3.29983   0.0922185   0.0982552  0.00876452
     3.48839   0.0524683   0.0604606  0.00490687
     3.67696   0.0749091   0.0398377  0.00465206
     3.86552   0.0037074   0.0207787  0.00338223
     4.05408           0   0.0147399   0.0023147
     4.24264           0   0.0147538  0.00287632
      4.4312           0  0.00812895  0.00235424
     4.61976           0  0.00438419   0.0017466
     4.80833           0   0.0021937 0.000852844
     4.99689           0  0.00118919 0.000749245
     5.18545           0  0.00143791   0.0012924
     5.37401           0 0.000639428 0.000415485
     5.56257           0 0.000364015 0.000251723


# Block 24
   0.0942809  0.00373195  0.00915085  0.00229512
    0.282843   0.0550463   0.0479803  0.00581743
    0.471405    0.124726   0.0953418   0.0058119
    0.659966    0.168159    0.173998  0.00984604
    0.848528    0.306757    0.275478   0.0121273
     1.03709    0.419624    0.340088    0.013732
     1.22565    0.476904    0.415346   0.0119147
     1.41421    0.452205    0.489747   0.0191097
     1.60278    0.416137    0.504975      0.0183
     1.79134    0.451321    0.502239   0.0158127
      1.9799    0.394408    0.455081   0.0144167
     2.16846    0.393917     0.42827   0.0148447
     2.35702    0.465095    0.400484   0.0124208
     2.54558    0.343732    0.311917   0.0192767
     2.73415    0.285961    0.266358   0.0128641
     2.92271    0.181049    0.187216  0.00846868
     3.11127    0.125266    0.133629  0.00888759
     3.29983   0.0947965   0.0981111  0.00840051
     3.48839   0.0967361   0.0619721  0.00492972
     3.67696     0.03236   0.0395262  0.00446864
     3.86552   0.0133319   0.0204684   0.0032555
     4.05408  0.00203784   0.0142107  0.00227795
     4.24264           0   0.0141391   0.0028214
      4.4312           0  0.00779025  0.00228038
     4.61976           0  0.00420152  0.00168335
     4.80833           0  0.00210229 0.000822192
     4.99689           0  0.00113964 0.000719663
     5.18545           0    0.001378  0.00123993
     5.37401           0 0.000612785 0.000399026
     5.56257           0 0.000348848 0.000241691


# Block 25
   0.0942809  0.00220971  0.00887321  0.00222004
    0.282843    0.044366   0.0478358  0.00558653
    0.471405    0.110387   0.0959436   0.0056105
    0.659966     0.26352    0.177579   0.0100824
    0.848528    0.279307    0.275631   0.0116432
     1.03709    0.448473    0.344424   0.0138502
     1.22565    0.390161    0.414339   0.0114806
     1.41421    0.434011    0.487518   0.0184749
     1.60278    0.369218    0.499544   0.0183561
     1.79134    0.440051    0.499752   0.0153746
      1.9799     0.56161    0.459342   0.0144561
     2.16846     0.41545    0.427757   0.0142598
     2.35702    0.320138     0.39727   0.0123327
     2.54558    0.354806    0.313632   0.0185818
     2.73415    0.275182    0.266711   0.0123544
     2.92271    0.243976    0.189486  0.00842879
     3.11127    0.118146     0.13301  0.00855363
     3.29983    0.104053   0.0983487  0.00806785
     3.48839   0.0608406   0.0619268  0.00473274
     3.67696   0.0263692   0.0389999  0.00432077
     3.86552   0.0184879   0.0203892  0.00312625
     4.05408   0.0104347   0.0140596  0.00219184
     4.24264  0.00193963   0.0136511  0.00275042
      4.4312 0.000147314  0.00748453  0.00220956
     4.61976  0.00834779  0.00436737  0.00162417
     4.80833  0.00166956  0.00208498 0.000789486
     4.99689           0  0.00109405 0.000692319
     5.18545           0  0.00132288  0.00119156
     5.37401           0 0.000588274 0.000383817
     5.56257           0 0.000334894 0.000232426


# Block 26
   0.0942809  0.00687465  0.00879634  0.00213599
    0.282843   0.0724784   0.0487836  0.00545147
    0.471405    0.277539    0.102928  0.00871833
    0.659966    0.209456    0.178805  0.00976883
    0.848528    0.323354    0.277467   0.0113391
     1.03709    0.407397    0.346846   0.0135276
     1.22565    0.362564    0.412348   0.0112104
     1.41421    0.528832    0.489107   0.0178325
     1.60278    0.412012    0.496178   0.0179561
     1.79134    0.406218    0.496154   0.0151983
      1.9799    0.472853    0.459862   0.0139094
     2.16846    0.315743    0.423449   0.0143474
     2.35702    0.325097    0.394494   0.0121668
     2.54558    0.295242    0.312925   0.0178805
     2.73415     0.22264    0.265016   0.0119949
     2.92271    0.232805    0.191152  0.00826763
     3.11127    0.196443    0.135449  0.00856553
     3.29983   0.0937162   0.0981706  0.00775952
     3.48839   0.0426474   0.0611853  0.00460843
     3.67696   0.0365339    0.038905  0.00415563
     3.86552  0.00822503   0.0199214  0.00304081
     4.05408 0.000417389   0.0135349  0.00216943
     4.24264 0.000343732   0.0131393  0.00269183
      4.4312 0.000441942  0.00721366  0.00214112
     4.61976   0.0450044  0.00593033  0.00218811
     4.80833  0.00837234   0.0023268 0.000795295
     4.99689 4.91046e-05  0.00105386 0.000666857
     5.18545           0    0.001272  0.00114682
     5.37401           0 0.000565648 0.000369721
     5.56257           0 0.000322013 0.000223843


# Block 27
   0.0942809   0.0130618  0.00895432  0.00206271
    0.282843   0.0809981   0.0499767  0.00537855
    0.471405    0.248936    0.108336  0.00993194
    0.659966    0.205552    0.179796  0.00945711
    0.848528    0.303221    0.278421   0.0109592
     1.03709    0.339264    0.346565   0.0130295
     1.22565    0.522424    0.416425   0.0115127
     1.41421    0.400424    0.485822   0.0174719
     1.60278    0.423675    0.493493   0.0174907
     1.79134    0.602367    0.500088    0.015136
      1.9799    0.425393    0.458585   0.0134527
     2.16846    0.285617    0.418344   0.0146961
     2.35702    0.295806    0.390839   0.0122529
     2.54558    0.266172    0.311193   0.0173019
     2.73415    0.269437     0.26518   0.0115518
     2.92271    0.209456     0.19183  0.00798917
     3.11127    0.119152    0.134846  0.00826953
     3.29983   0.0539905   0.0965343  0.00764271
     3.48839   0.0754738   0.0617145  0.00446803
     3.67696   0.0530821   0.0394301  0.00403476
     3.86552   0.0116378   0.0196146  0.00294363
     4.05408   0.0490555   0.0148505  0.00245579
     4.24264   0.0420581   0.0142103  0.00279712
      4.4312  0.00306904  0.00706016  0.00206731
     4.61976  0.00297083  0.00582072  0.00210981
     4.80833  0.00100665  0.00227791 0.000767341
     4.99689           0  0.00101483   0.0006433
     5.18545           0  0.00122489  0.00110531
     5.37401           0 0.000544698 0.000356621
     5.56257           0 0.000310087  0.00021587


# Block 28
   0.0942809   0.0118097   0.0090563  0.00199156
    0.282843   0.0343732   0.0494194  0.00521525
    0.471405    0.158633    0.110132  0.00973831
    0.659966    0.217951    0.181158  0.00921701
    0.848528    0.264723    0.277931   0.0105787
     1.03709    0.403714    0.348606    0.012723
     1.22565    0.460528       0.418   0.0112088
     1.41421    0.525395    0.487236    0.016905
     1.60278    0.397183    0.490053   0.0172009
     1.79134    0.501015    0.500121   0.0145954
      1.9799    0.449578    0.458264   0.0129761
     2.16846    0.361754    0.416323   0.0143096
     2.35702    0.400718    0.391192   0.0118204
     2.54558    0.326472    0.311739   0.0166926
     2.73415    0.251956    0.264707   0.0111489
     2.92271    0.190305    0.191776  0.00770403
     3.11127   0.0653092    0.132362  0.00833876
     3.29983   0.0514126   0.0949228  0.00753774
     3.48839   0.0937653   0.0628592  0.00445267
     3.67696   0.0643762    0.040321  0.00398781
     3.86552   0.0360428   0.0202013  0.00289638
     4.05408   0.0114168   0.0147279  0.00237114
     4.24264   0.0147805   0.0142307   0.0026973
      4.4312    0.010091   0.0071684  0.00199631
     4.61976           0  0.00561284  0.00204467
     4.80833           0  0.00219656 0.000744236
     4.99689           0 0.000978585 0.000621345
     5.18545           0  0.00118114   0.0010667
     5.37401           0 0.000525244 0.000344415
     5.56257           0 0.000299012 0.000208444


# Block 29
   0.0942809  0.00193963   0.0088109  0.00193795
    0.282843   0.0277932   0.0486737  0.00508845
    0.471405   0.0593184     0.10838  0.00955884
    0.659966    0.252668    0.183624  0.00922313
    0.848528    0.436663    0.283405   0.0115434
     1.03709    0.386257    0.349904   0.0123503
     1.22565    0.396594    0.417262   0.0108466
     1.41421    0.395685    0.484079   0.0166142
     1.60278    0.393132    0.486711   0.0169294
     1.79134    0.458294    0.498679   0.0141632
      1.9799    0.457189    0.458227   0.0125287
     2.16846    0.325073    0.413177   0.0141579
     2.35702    0.534406     0.39613   0.0124015
     2.54558    0.462467    0.316937   0.0169068
     2.73415    0.280338    0.265246   0.0107774
     2.92271    0.182105    0.191442  0.00744559
     3.11127     0.10145    0.131296  0.00811906
     3.29983   0.0489573   0.0933378   0.0074426
     3.48839   0.0602268   0.0627684  0.00430006
     3.67696   0.0248469   0.0397875  0.00388583
     3.86552   0.0140685   0.0199898  0.00280421
     4.05408  0.00294628   0.0143216  0.00232392
     4.24264 0.000883883   0.0137705  0.00264326
      4.4312           0  0.00692121  0.00194272
     4.61976           0  0.00541929  0.00198331
     4.80833           0  0.00212081 0.000722417
     4.99689           0 0.000944841 0.000600835
     5.18545           0  0.00114041   0.0010307
     5.37401           0 0.000507132 0.000333014
     5.56257           0 0.000288701 0.000201511


# Block 30
   0.0942809  0.00518054  0.00868988  0.00187712
    0.282843   0.0289717    0.048017  0.00496103
    0.471405    0.144392     0.10958  0.00931529
    0.659966    0.189986    0.183836  0.00891813
    0.848528    0.337079    0.285194   0.0112964
     1.03709     0.44943    0.353222   0.0123762
     1.22565    0.417316    0.417263    0.010485
     1.41421    0.359962    0.479941   0.0165675
     1.60278     0.42338      0.4846   0.0164961
     1.79134    0.379603     0.49471   0.0142364
      1.9799    0.374546    0.455437   0.0124177
     2.16846    0.547983     0.41767   0.0143814
     2.35702     0.54403     0.40106    0.012931
     2.54558    0.310341    0.316717   0.0163447
     2.73415     0.32247    0.267154   0.0105856
     2.92271     0.23747    0.192976  0.00735378
     3.11127     0.10501     0.13042  0.00789556
     3.29983    0.054899   0.0920565  0.00730397
     3.48839   0.0346924   0.0618326  0.00425735
     3.67696   0.0182915   0.0390709   0.0038218
     3.86552   0.0122025   0.0197302  0.00272273
     4.05408  0.00410024   0.0139809   0.0022713
     4.24264  0.00196419   0.0133769  0.00258428
      4.4312           0  0.00669051  0.00189161
     4.61976           0  0.00523865  0.00192541
     4.80833           0  0.00205012 0.000701787
     4.99689           0 0.000913346 0.000581632
     5.18545           0   0.0011024 0.000997039
     5.37401           0 0.000490228 0.000322343
     5.56257           0 0.000279078 0.000195024


# Block 31
   0.0942809 0.000392837  0.00842224  0.00183555
    0.282843   0.0179968   0.0470486   0.0048946
    0.471405    0.113014    0.109691  0.00901545
    0.659966    0.274495    0.186761  0.00909733
    0.848528    0.398018    0.288833   0.0115034
     1.03709    0.224138    0.349058   0.0126581
     1.22565    0.347833    0.415024   0.0103832
     1.41421    0.475677    0.479804   0.0160337
     1.60278    0.422545    0.482598    0.016085
     1.79134    0.541158    0.496208   0.0138558
      1.9799    0.518717    0.457479   0.0121838
     2.16846    0.421023    0.417778   0.0139179
     2.35702    0.430353    0.402005   0.0125483
     2.54558    0.323109    0.316923   0.0158188
     2.73415    0.285961     0.26776   0.0102615
     2.92271    0.211813    0.193584  0.00714162
     3.11127    0.135406    0.130581   0.0076425
     3.29983   0.0770697    0.091573  0.00708434
     3.48839   0.0167447   0.0603781  0.00436139
     3.67696   0.0480489   0.0393605  0.00370947
     3.86552   0.0169902   0.0196419  0.00263633
     4.05408  0.00279896   0.0136202  0.00222649
     4.24264           0   0.0129454  0.00253669
      4.4312           0  0.00647468  0.00184286
     4.61976           0  0.00506966   0.0018707
     4.80833           0  0.00198399 0.000682257
     4.99689           0 0.000883883 0.000563615
     5.18545           0  0.00106684 0.000965511
     5.37401           0 0.000474414 0.000312332
     5.56257           0 0.000270076 0.000188941


# Block 32
   0.0942809           0  0.00815904  0.00179696
    0.282843   0.0142894   0.0460249  0.00484752
    0.471405    0.092685     0.10916  0.00874937
    0.659966   0.0737797     0.18323  0.00947341
    0.848528    0.239852    0.287303   0.0112453
     1.03709    0.390284    0.350346   0.0123279
     1.22565    0.446091    0.415995    0.010104
     1.41421     0.45164    0.478924   0.0155568
     1.60278    0.546191    0.484585   0.0157046
     1.79134    0.584787    0.498976   0.0136965
      1.9799    0.489254    0.458472   0.0118434
     2.16846    0.567871    0.422469   0.0142514
     2.35702    0.366787    0.400905   0.0122044
     2.54558    0.252251    0.314902    0.015453
     2.73415    0.260942    0.267547  0.00994308
     2.92271    0.246383    0.195234  0.00710649
     3.11127    0.131895    0.130622  0.00740379
     3.29983    0.106557   0.0920413  0.00687841
     3.48839    0.030715   0.0594511  0.00432248
     3.67696  0.00606442     0.03832  0.00373663
     3.86552  0.00498412   0.0191838  0.00259343
     4.05408           0   0.0131946  0.00219722
     4.24264           0   0.0125409  0.00248946
      4.4312           0  0.00627235  0.00179634
     4.61976           0  0.00491123  0.00181893
     4.80833           0  0.00192199 0.000663748
     4.99689           0 0.000856262 0.000546679
     5.18545           0   0.0010335 0.000935914
     5.37401           0 0.000459589 0.000302923
     5.56257           0 0.000261636 0.000183225


# Block 33
   0.0942809  0.00184142   0.0079676  0.00175268
    0.282843   0.0250679   0.0453898  0.00474204
    0.471405   0.0838462    0.108393  0.00851779
    0.659966    0.108178    0.180956   0.0094554
    0.848528    0.250507    0.286188   0.0109597
     1.03709    0.416604    0.352354   0.0121167
     1.22565    0.552329    0.420126   0.0106089
     1.41421     0.55746    0.481304   0.0152663
     1.60278    0.594387    0.487913   0.0155772
     1.79134    0.393844     0.49579    0.013647
      1.9799     0.33784    0.454816   0.0120355
     2.16846    0.392051    0.421547   0.0138493
     2.35702    0.452647    0.402473   0.0119348
     2.54558    0.271352    0.313582    0.015041
     2.73415    0.256621    0.267216  0.00964728
     2.92271    0.205306    0.195539  0.00689769
     3.11127    0.166563    0.131711  0.00725909
     3.29983    0.109233   0.0925622  0.00668967
     3.48839    0.070637   0.0597901  0.00420477
     3.67696   0.0204521   0.0377786  0.00366242
     3.86552   0.0182424   0.0191553    0.002515
     4.05408  0.00925622   0.0130752  0.00213387
     4.24264  0.00353553    0.012268  0.00242894
      4.4312  0.00549972  0.00624894  0.00174206
     4.61976           0  0.00476241  0.00176989
     4.80833           0  0.00186374 0.000646185
     4.99689           0 0.000830315 0.000530728
     5.18545           0  0.00100218 0.000908077
     5.37401           0 0.000445662 0.000294064
     5.56257           0 0.000253707 0.000177844


# Block 34
   0.0942809  0.00419845  0.00785674  0.00170463
    0.282843   0.0404622   0.0452449  0.00460478
    0.471405   0.0604233    0.106982   0.0083833
    0.659966    0.167643    0.180564  0.00918541
    0.848528     0.33509    0.287626   0.0107313
     1.03709    0.468802    0.355779   0.0122348
     1.22565    0.442064    0.420771   0.0103165
     1.41421    0.504059    0.481973   0.0148319
     1.60278    0.434846    0.486352   0.0151971
     1.79134    0.456305    0.494629   0.0132949
      1.9799    0.375503    0.452483   0.0119054
     2.16846    0.435362    0.421953   0.0134479
     2.35702    0.408035    0.402636   0.0115849
     2.54558    0.266859    0.312208   0.0146612
     2.73415    0.360502     0.26996  0.00974588
     2.92271    0.161628    0.194542  0.00676654
     3.11127    0.101131    0.130812  0.00710109
     3.29983     0.11461   0.0932107  0.00652427
     3.48839   0.0905981   0.0606962  0.00417759
     3.67696   0.0417144   0.0378943  0.00355653
     3.86552    0.021115   0.0192129  0.00244169
     4.05408  0.00979638   0.0129788  0.00207329
     4.24264  0.00255344   0.0119823  0.00237424
      4.4312           0  0.00606514  0.00170049
     4.61976           0  0.00462234  0.00172337
     4.80833           0  0.00180893   0.0006295
     4.99689           0 0.000805894  0.00051568
     5.18545           0 0.000972705 0.000881847
     5.37401           0 0.000432554 0.000285707
     5.56257           0 0.000246245  0.00017277


# Block 35
   0.0942809   0.0282106  0.00843828  0.00175232
    0.282843   0.0575752   0.0455972  0.00448667
    0.471405   0.0540397    0.105469  0.00827912
    0.659966    0.146946    0.179604  0.00897305
    0.848528    0.268111    0.287069   0.0104391
     1.03709    0.384293    0.356594   0.0119124
     1.22565    0.292811    0.417115   0.0106499
     1.41421    0.494999    0.482345   0.0144128
     1.60278    0.586629    0.489217   0.0150305
     1.79134     0.47629    0.494105   0.0129254
      1.9799    0.491881    0.453609   0.0116183
     2.16846    0.514739    0.424604   0.0133224
     2.35702    0.392199    0.402338   0.0112578
     2.54558    0.337914    0.312942   0.0142607
     2.73415    0.319917    0.271387  0.00957138
     2.92271    0.103365    0.191937  0.00705688
     3.11127   0.0844354    0.129487  0.00702074
     3.29983    0.123375   0.0940726  0.00639454
     3.48839   0.0809735   0.0612756   0.0040982
     3.67696   0.0577962    0.038463  0.00350008
     3.86552  0.00680099   0.0188583  0.00239754
     4.05408           0    0.012608  0.00204695
     4.24264           0   0.0116399  0.00233096
      4.4312           0  0.00589186  0.00166071
     4.61976           0  0.00449027  0.00167918
     4.80833           0  0.00175724 0.000613632
     4.99689           0 0.000782868  0.00050146
     5.18545           0 0.000944914 0.000857089
     5.37401           0 0.000420195 0.000277811
     5.56257           0  0.00023921 0.000167976


# Block 36
   0.0942809  0.00464039  0.00833278  0.00170681
    0.282843   0.0204766   0.0448994  0.00441597
    0.471405   0.0626084    0.104278   0.0081343
    0.659966      0.1481    0.178729  0.00876637
    0.848528     0.14341    0.283078   0.0108852
     1.03709    0.358857    0.356657   0.0115816
     1.22565     0.38525     0.41623   0.0103907
     1.41421    0.628417    0.486403   0.0145724
     1.60278    0.701926    0.495125   0.0157315
     1.79134     0.52456    0.494951    0.012594
      1.9799    0.600304    0.457684   0.0119889
     2.16846    0.346531    0.422436   0.0131277
     2.35702    0.388712     0.40196   0.0109514
     2.54558    0.250974    0.311221   0.0139681
     2.73415    0.215962    0.269848  0.00942852
     2.92271    0.128973    0.190188  0.00707427
     3.11127    0.183823    0.130996  0.00698608
     3.29983   0.0332684   0.0923836  0.00643611
     3.48839   0.0196173   0.0601184  0.00414452
     3.67696    0.091531   0.0399371  0.00370028
     3.86552   0.0476315   0.0196575  0.00246056
     4.05408   0.0177268   0.0127502  0.00199502
     4.24264           0   0.0113166  0.00228852
      4.4312           0  0.00572819  0.00162263
     4.61976           0  0.00436554  0.00163717
     4.80833           0  0.00170843 0.000598525
     4.99689           0 0.000761122 0.000488002
     5.18545           0 0.000918666 0.000833683
     5.37401           0 0.000408523 0.000270339
     5.56257           0 0.000232565 0.000163442


# Block 37
   0.0942809   0.0110731  0.00840685  0.00166229
    0.282843   0.0377369   0.0447058  0.00430086
    0.471405   0.0657511    0.103237  0.00798082
    0.659966    0.141937    0.177734  0.00858565
    0.848528    0.196345    0.280734   0.0108405
     1.03709    0.382034    0.357342   0.0112889
     1.22565    0.508061    0.418712   0.0104021
     1.41421    0.580834    0.488955   0.0144004
     1.60278    0.598856    0.497929   0.0155542
     1.79134     0.46755     0.49421   0.0122754
      1.9799    0.531337    0.459674    0.011829
     2.16846    0.368432    0.420976   0.0128538
     2.35702    0.329345    0.399997   0.0108299
     2.54558    0.245376    0.309442   0.0137035
     2.73415    0.215962    0.268391  0.00928549
     2.92271    0.180091    0.189915  0.00688833
     3.11127    0.208204    0.133083  0.00710207
     3.29983   0.0774626   0.0919803  0.00627478
     3.48839   0.0346188   0.0594292   0.0040894
     3.67696   0.0195928   0.0393872  0.00364089
     3.86552   0.0209431   0.0196923  0.00239431
     4.05408   0.0732396    0.014385  0.00252356
     4.24264  0.00851965    0.011241  0.00222792
      4.4312           0  0.00557338  0.00158614
     4.61976           0  0.00424755  0.00159716
     4.80833           0  0.00166226 0.000584127
     4.99689           0 0.000740551 0.000475246
     5.18545           0 0.000893837 0.000811521
     5.37401           0 0.000397482 0.000263258
     5.56257           0 0.000226279 0.000159145


# Block 38
   0.0942809  0.00378106  0.00828512    0.001623
    0.282843   0.0486381   0.0448093  0.00418893
    0.471405   0.0904998    0.102902  0.00777784
    0.659966    0.123081    0.176296  0.00847932
    0.848528    0.260328    0.280197   0.0105685
     1.03709    0.480759     0.36059   0.0114495
     1.22565    0.487683    0.420527   0.0102855
     1.41421    0.540249    0.490305   0.0140845
     1.60278    0.576906    0.500007   0.0152831
     1.79134     0.47715    0.493761   0.0119605
      1.9799    0.396225    0.458005   0.0116349
     2.16846     0.36718     0.41956   0.0125932
     2.35702    0.307837    0.397572    0.010813
     2.54558    0.275649    0.308552   0.0133717
     2.73415    0.178594    0.266028  0.00933699
     2.92271    0.181515    0.189694  0.00671061
     3.11127    0.171866    0.134103  0.00698812
     3.29983     0.11871   0.0926837  0.00614895
     3.48839   0.0482944   0.0591362  0.00399227
     3.67696    0.037074   0.0393264  0.00354559
     3.86552   0.0178741   0.0196444  0.00233178
     4.05408   0.0619701   0.0156372  0.00275035
     4.24264   0.0232019   0.0115557  0.00219141
      4.4312   0.0117851  0.00573684   0.0015528
     4.61976   0.0127672  0.00447175  0.00157079
     4.80833  0.00368285  0.00171543  0.00057117
     4.99689           0 0.000721063 0.000463139
     5.18545           0 0.000870315 0.000790506
     5.37401           0 0.000387022 0.000256538
     5.56257           0 0.000220325 0.000155069


# Block 39
   0.0942809  0.00655547  0.00824077  0.00158199
    0.282843    0.034275   0.0445392  0.00409022
    0.471405    0.135897    0.103748  0.00762428
    0.659966    0.205061    0.177034  0.00829392
    0.848528    0.281345    0.280226   0.0102975
     1.03709     0.31314    0.359374   0.0112204
     1.22565    0.428929    0.420742    0.010024
     1.41421     0.49603    0.490451   0.0137242
     1.60278    0.589845    0.502311   0.0150638
     1.79134    0.648697    0.497734   0.0122959
      1.9799    0.462369    0.458117   0.0113371
     2.16846    0.406316    0.419221   0.0122749
     2.35702    0.266785    0.394218   0.0110435
     2.54558     0.34086    0.309381   0.0130544
     2.73415    0.138991    0.262771  0.00964906
     2.92271    0.123695    0.188002  0.00674855
     3.11127    0.119324    0.133725  0.00681921
     3.29983   0.0768979   0.0922789   0.0060046
     3.48839   0.0982829     0.06014  0.00401411
     3.67696   0.0487609   0.0395683  0.00346292
     3.86552  0.00923167   0.0193774  0.00228722
     4.05408   0.0159099   0.0156442  0.00267984
     4.24264  0.00402658   0.0113627  0.00214371
      4.4312   0.0222935  0.00616137  0.00156995
     4.61976   0.0221707  0.00492557  0.00159472
     4.80833  0.00761122  0.00186661 0.000576184
     4.99689           0 0.000702574 0.000451633
     5.18545           0 0.000847999 0.000770551
     5.37401           0 0.000377098 0.000250152
     5.56257           0 0.000214675 0.000151195


# Block 40
   0.0942809  0.00225881  0.00809122  0.00154949
    0.282843   0.0515108   0.0447135  0.00399167
    0.471405   0.0981847    0.103609  0.00743494
    0.659966    0.160744    0.176626  0.00809656
    0.848528    0.320187    0.281225   0.0100884
     1.03709    0.377197    0.359819   0.0109487
     1.22565    0.468335    0.421932  0.00984379
     1.41421    0.512603    0.491005   0.0133922
     1.60278    0.465978    0.501403   0.0147146
     1.79134    0.465217    0.496921   0.0120154
      1.9799    0.478402    0.458624   0.0110651
     2.16846    0.464407     0.42035   0.0120199
     2.35702      0.4209    0.394885   0.0107876
     2.54558    0.241227    0.307677   0.0128388
     2.73415    0.166907    0.260374   0.0097009
     2.92271    0.205159     0.18843  0.00659345
     3.11127   0.0734851    0.132219  0.00681299
     3.29983   0.0332438   0.0908031  0.00603313
     3.48839    0.135062    0.062013  0.00432876
     3.67696   0.0334403   0.0394151  0.00337973
     3.86552   0.0503568   0.0201519  0.00235752
     4.05408   0.0228337    0.015824  0.00261886
     4.24264  0.00770943   0.0112714  0.00209206
      4.4312  0.00974727  0.00625102  0.00153325
     4.61976   0.0275723  0.00549174   0.0016523
     4.80833   0.0106312  0.00208572 0.000602002
     4.99689           0  0.00068501 0.000440683
     5.18545           0 0.000826799 0.000751579
     5.37401           0 0.000367671 0.000244076
     5.56257           0 0.000209309 0.000147511


# Block 41
   0.0942809 0.000834779  0.00791423  0.00152177
    0.282843    0.038007   0.0445499  0.00389767
    0.471405    0.058901    0.102519  0.00733313
    0.659966    0.124186    0.175347  0.00799947
    0.848528    0.327233    0.282347  0.00990459
     1.03709    0.459104    0.362241   0.0109462
     1.22565    0.448645    0.422584  0.00962523
     1.41421    0.535363    0.492087   0.0131092
     1.60278    0.538359    0.502304   0.0143832
     1.79134    0.351393    0.493372   0.0122354
      1.9799    0.493035    0.459463    0.010827
     2.16846    0.476119    0.421711   0.0118034
     2.35702    0.429837    0.395738   0.0105581
     2.54558    0.254116     0.30637   0.0125919
     2.73415    0.203981    0.258999  0.00956131
     2.92271    0.139506    0.187237  0.00653972
     3.11127    0.107588    0.131618  0.00667325
     3.29983    0.082103   0.0905909  0.00588972
     3.48839   0.0707352   0.0622258   0.0042284
     3.67696   0.0793531   0.0403892  0.00343481
     3.86552   0.0284807   0.0203551  0.00230876
     4.05408   0.0236193   0.0160141  0.00256188
     4.24264   0.0259764     0.01163  0.00207155
      4.4312  0.00682554  0.00626503  0.00149592
     4.61976           0   0.0053578  0.00161742
     4.80833           0  0.00203485 0.000589464
     4.99689           0 0.000668302 0.000430251
     5.18545           0 0.000806633 0.000733518
     5.37401           0 0.000358703 0.000238287
     5.56257           0 0.000204203 0.000144001


# Block 42
   0.0942809    0.008446  0.00792689  0.00148559
    0.282843   0.0708825   0.0451769  0.00385496
    0.471405   0.0999525    0.102457  0.00715878
    0.659966    0.128556    0.174233  0.00788621
    0.848528    0.337472     0.28366  0.00975534
     1.03709    0.441794    0.364135   0.0108482
     1.22565    0.424141    0.422621  0.00939613
     1.41421    0.467574    0.491504   0.0128101
     1.60278    0.417488    0.500284   0.0141818
     1.79134    0.505483     0.49366   0.0119475
      1.9799    0.503445     0.46051   0.0106197
     2.16846    0.530723    0.424306   0.0118043
     2.35702    0.364455    0.394993   0.0103329
     2.54558    0.210462    0.304087   0.0124975
     2.73415    0.176187    0.257027  0.00953479
     2.92271    0.194405    0.187408  0.00638624
     3.11127    0.131527    0.131616  0.00651437
     3.29983    0.157356   0.0921805  0.00596015
     3.48839   0.0306167   0.0614732  0.00419417
     3.67696   0.0496202    0.040609  0.00336005
     3.86552  0.00358464   0.0199558  0.00228806
     4.05408  0.00444397   0.0157386  0.00251565
     4.24264   0.0221462   0.0118804   0.0020373
      4.4312   0.0163027  0.00650403  0.00147927
     4.61976  0.00623629  0.00537871  0.00157905
     4.80833           0   0.0019864 0.000577417
     4.99689           0  0.00065239 0.000420301
     5.18545           0 0.000787428 0.000716305
     5.37401           0 0.000350163 0.000232767
     5.56257           0 0.000199341 0.000140655


# Block 43
   0.0942809   0.0227354  0.00827128  0.00149043
    0.282843   0.0605215   0.0455337  0.00378179
    0.471405   0.0845336    0.102041  0.00700443
    0.659966   0.0819802    0.172088  0.00798931
    0.848528    0.208523    0.281913  0.00968371
     1.03709     0.35402      0.3639   0.0105985
     1.22565    0.564507     0.42592  0.00973978
     1.41421    0.578207     0.49352   0.0126699
     1.60278    0.567772    0.501854   0.0139386
     1.79134    0.457557     0.49282   0.0116991
      1.9799    0.328731    0.457446   0.0108059
     2.16846    0.321292     0.42191   0.0117704
     2.35702    0.491783    0.397244   0.0103349
     2.54558    0.332095    0.304738   0.0122238
     2.73415    0.205086    0.255819  0.00938925
     2.92271    0.182866    0.187302   0.0062386
     3.11127    0.183209    0.132815  0.00647243
     3.29983    0.156447   0.0936751  0.00600601
     3.48839   0.0492028   0.0611878  0.00410632
     3.67696   0.0314515    0.040396  0.00328865
     3.86552   0.0308623   0.0202094  0.00224886
     4.05408  0.00675189   0.0155296  0.00246581
     4.24264  0.00316725   0.0116778  0.00199998
      4.4312           0  0.00635277  0.00145258
     4.61976           0  0.00525363  0.00154727
     4.80833           0   0.0019402 0.000565834
     4.99689           0 0.000637218 0.000410801
     5.18545           0 0.000769116 0.000699881
     5.37401           0  0.00034202 0.000227496
     5.56257           0 0.000194706  0.00013746


# Block 44
   0.0942809  0.00397748  0.00817369  0.00145974
    0.282843   0.0180705   0.0449095    0.003747
    0.471405   0.0573788    0.101026  0.00691839
    0.659966     0.20705    0.172882  0.00784715
    0.848528    0.238575    0.280928  0.00951358
     1.03709    0.421907    0.365218   0.0104393
     1.22565    0.367769    0.424599  0.00960767
     1.41421    0.526524     0.49427   0.0124041
     1.60278    0.520313    0.502273   0.0136281
     1.79134    0.451738    0.491887   0.0114704
      1.9799    0.537598    0.459267   0.0107127
     2.16846    0.366787    0.420658   0.0115694
     2.35702    0.481299    0.399154   0.0102751
     2.54558    0.444299     0.30791   0.0123506
     2.73415    0.226913    0.255162  0.00919882
     2.92271    0.121313    0.185802  0.00627449
     3.11127    0.101106    0.132095  0.00636532
     3.29983   0.0890022   0.0935689  0.00587045
     3.48839   0.0689184   0.0613635  0.00401675
     3.67696   0.0370003   0.0403188  0.00321482
     3.86552   0.0139457   0.0200671  0.00220225
     4.05408 0.000810227   0.0151951  0.00243236
     4.24264  0.00100665   0.0114352  0.00196917
      4.4312           0  0.00620839  0.00142673
     4.61976           0  0.00513422  0.00151671
     4.80833           0  0.00189611 0.000554689
     4.99689           0 0.000622736  0.00040172
     5.18545           0 0.000751636 0.000684193
     5.37401           0 0.000334246 0.000222458
     5.56257           0  0.00019028 0.000134407


# Block 45
   0.0942809           0  0.00799205  0.00143856
    0.282843   0.0498903   0.0450202  0.00366536
    0.471405   0.0676907    0.100285  0.00680419
    0.659966    0.114389    0.171583  0.00777968
    0.848528    0.241816    0.280058  0.00934178
     1.03709    0.345648    0.364783   0.0102164
     1.22565     0.46561     0.42551  0.00943729
     1.41421    0.575948    0.496085   0.0122605
     1.60278    0.576587    0.503925    0.013425
     1.79134    0.545282    0.493073   0.0112767
      1.9799     0.47715    0.459665    0.010482
     2.16846    0.483067    0.422045   0.0113951
     2.35702    0.441132    0.400087    0.010089
     2.54558    0.298949    0.307711   0.0120778
     2.73415    0.172947    0.253335  0.00917404
     2.92271     0.10231    0.183947  0.00640351
     3.11127    0.124996    0.131937  0.00622582
     3.29983    0.104004   0.0938008  0.00574457
     3.48839   0.0588765   0.0613082  0.00392787
     3.67696   0.0104593   0.0396553  0.00321113
     3.86552  0.00368285    0.019703   0.0021832
     4.05408   0.0240858   0.0153927  0.00238632
     4.24264    0.010803   0.0114212  0.00192546
      4.4312  0.00112941  0.00609552  0.00139948
     4.61976  0.00557338  0.00514398  0.00148304
     4.80833  0.00127672  0.00188234 0.000542534
     4.99689           0 0.000608898 0.000393031
     5.18545           0 0.000734933 0.000669192
     5.37401           0 0.000326819 0.000217639
     5.56257           0 0.000186052 0.000131487


# Block 46
   0.0942809 0.000147314  0.00782151  0.00141736
    0.282843   0.0303958   0.0447023  0.00359944
    0.471405   0.0640324   0.0994967  0.00670176
    0.659966    0.118121     0.17042  0.00769687
    0.848528     0.19988    0.278315  0.00929989
     1.03709    0.321684    0.363846   0.0100371
     1.22565    0.448964     0.42602  0.00924589
     1.41421    0.513266    0.496459   0.0119997
     1.60278    0.699962    0.508187    0.013793
     1.79134     0.64553    0.496388   0.0115083
      1.9799    0.499468     0.46053   0.0102898
     2.16846    0.396225    0.421483   0.0111612
     2.35702    0.316676    0.398274   0.0100313
     2.54558    0.354904    0.308737   0.0118587
     2.73415    0.180239    0.251746  0.00911119
     2.92271    0.195878    0.184206  0.00626956
     3.11127    0.104126    0.131332  0.00611976
     3.29983    0.106312   0.0940727  0.00562612
     3.48839   0.0281861   0.0605882  0.00390793
     3.67696   0.0189789   0.0392058  0.00317262
     3.86552   0.0222444   0.0197582  0.00213644
     4.05408   0.0114905   0.0153078  0.00233595
     4.24264 0.000147314   0.0111761  0.00189914
      4.4312 0.000220971  0.00596781  0.00137487
     4.61976   0.0232756  0.00553815  0.00150226
     4.80833  0.00294628  0.00190547 0.000531232
     4.99689           0 0.000595661 0.000384709
     5.18545           0 0.000718956 0.000654835
     5.37401           0 0.000319714 0.000213024
     5.56257           0 0.000182007 0.000128691


# Block 47
   0.0942809 0.000294628  0.00766137  0.00139622
    0.282843  0.00385471   0.0438332  0.00362626
    0.471405    0.045741   0.0983529  0.00665605
    0.659966    0.166612    0.170339  0.00753354
    0.848528    0.255049     0.27782  0.00911518
     1.03709    0.287409     0.36222  0.00995445
     1.22565    0.439707    0.426311  0.00905376
     1.41421    0.646954    0.499661   0.0121641
     1.60278    0.723753    0.512773   0.0142417
     1.79134     0.58297     0.49823   0.0114099
      1.9799    0.414787    0.459557   0.0101168
     2.16846    0.350853     0.41998   0.0110244
     2.35702    0.361287    0.397487  0.00984868
     2.54558    0.305775    0.308674   0.0116066
     2.73415    0.261826    0.251961  0.00891986
     2.92271    0.142502    0.183319  0.00619864
     3.11127   0.0728222    0.130088  0.00611487
     3.29983   0.0392837    0.092907  0.00562589
     3.48839   0.0214342   0.0597551  0.00391256
     3.67696   0.0819802   0.0401159  0.00323302
     3.86552   0.0446361   0.0202875  0.00215556
     4.05408   0.0299538   0.0156195  0.00230694
     4.24264   0.0193472     0.01135  0.00186667
      4.4312  0.00446852  0.00593591  0.00134599
     4.61976           0  0.00542032  0.00147491
     4.80833           0  0.00186493 0.000521474
     4.99689           0 0.000582987 0.000376733
     5.18545           0 0.000703659 0.000641081
     5.37401           0 0.000312911   0.0002086
     5.56257           0 0.000178135 0.000126011


# Block 48
   0.0942809 0.000392837  0.00750994  0.00137532
    0.282843   0.0358218   0.0436663  0.00355456
    0.471405    0.112646   0.0986507  0.00652404
    0.659966    0.208965    0.171144  0.00741944
    0.848528    0.288637    0.278046  0.00892807
     1.03709    0.277736     0.36046  0.00990145
     1.22565    0.382918    0.425407  0.00891016
     1.41421    0.475996    0.499168   0.0119207
     1.60278    0.581227    0.514199   0.0140162
     1.79134    0.636887    0.501118   0.0115321
      1.9799    0.415229    0.458633  0.00994811
     2.16846    0.512063    0.421899   0.0109604
     2.35702    0.302632    0.395511  0.00983976
     2.54558    0.248494     0.30742   0.0114323
     2.73415    0.301306    0.252989  0.00879307
     2.92271    0.208425    0.183842  0.00609152
     3.11127    0.134571    0.130181  0.00598819
     3.29983   0.0746882   0.0925275  0.00552147
     3.48839   0.0374423   0.0592903  0.00385857
     3.67696   0.0224163   0.0397471  0.00318662
     3.86552  0.00984548     0.02007   0.0021216
     4.05408   0.0188071   0.0156859  0.00225983
     4.24264  0.00758667   0.0112716  0.00182943
      4.4312 0.000220971  0.00581685   0.0013232
     4.61976 0.000343732  0.00531455  0.00144797
     4.80833  0.00282352   0.0018849 0.000510992
     4.99689  0.00392837 0.000652682 0.000375276
     5.18545  0.00125217 0.000715086 0.000627827
     5.37401           0 0.000306392 0.000204356
     5.56257           0 0.000174424  0.00012344


# Block 49
   0.0942809 0.000785674  0.00737271  0.00135408
    0.282843   0.0618473   0.0440373  0.00350133
    0.471405    0.112008   0.0989233  0.00639659
    0.659966    0.210733    0.171952  0.00731188
    0.848528    0.316921    0.278839  0.00878104
     1.03709    0.396225     0.36119  0.00972625
     1.22565    0.416555    0.425227  0.00873015
     1.41421     0.30904    0.495287   0.0122927
     1.60278    0.518275    0.514282   0.0137304
     1.79134    0.586751    0.502866   0.0114284
      1.9799    0.365265    0.456728   0.0099259
     2.16846    0.297869    0.419368   0.0110251
     2.35702    0.462541    0.396879  0.00973357
     2.54558    0.390578    0.309117   0.0113242
     2.73415    0.221241    0.252341  0.00863746
     2.92271    0.288809    0.185984  0.00633268
     3.11127    0.142354    0.130429  0.00587113
     3.29983   0.0484417   0.0916278   0.0054816
     3.48839   0.0540397   0.0591831  0.00378131
     3.67696   0.0630013   0.0402217  0.00315673
     3.86552  0.00839689   0.0198318  0.00209163
     4.05408   0.0295119    0.015968  0.00223126
     4.24264   0.0021115   0.0110846  0.00180162
      4.4312           0  0.00569814  0.00130151
     4.61976           0  0.00520609  0.00142248
     4.80833           0  0.00184643  0.00050201
     4.99689           0 0.000639362 0.000367853
     5.18545           0 0.000700493 0.000615184
     5.37401           0  0.00030014 0.000200281
     5.56257           0 0.000170864 0.000120972


# Block 50
   0.0942809  0.00137493  0.00725275   0.0013323
    0.282843   0.0515353   0.0441873  0.00343451
    0.471405    0.116844   0.0992817  0.00627869
    0.659966    0.246211    0.173437  0.00731492
    0.848528    0.325171    0.279766  0.00865418
     1.03709    0.408772    0.362141  0.00957816
     1.22565    0.427284    0.425268  0.00855564
     1.41421    0.446926     0.49432   0.0120848
     1.60278    0.463253    0.513262   0.0134937
     1.79134    0.509387    0.502996   0.0112006
      1.9799    0.463548    0.456864  0.00972832
     2.16846    0.426081    0.419502   0.0108054
     2.35702    0.324115    0.395423  0.00964707
     2.54558    0.196787    0.306871   0.0113184
     2.73415    0.248469    0.252263  0.00846505
     2.92271    0.190624    0.186077  0.00620671
     3.11127    0.156816    0.130957  0.00577737
     3.29983    0.135259   0.0925004  0.00544098
     3.48839   0.0577225   0.0591539   0.0037058
     3.67696   0.0334403   0.0400861  0.00309651
     3.86552   0.0240858   0.0199168  0.00205153
     4.05408   0.0189298   0.0160273  0.00218742
     4.24264   0.0233002   0.0113289  0.00178208
      4.4312  0.00648181  0.00571382  0.00127558
     4.61976 0.000883883  0.00511965  0.00139665
     4.80833           0  0.00180951 0.000493326
     4.99689           0 0.000626575 0.000360718
     5.18545           0 0.000686483  0.00060304
     5.37401           0 0.000294137 0.000196365
     5.56257           0 0.000167447 0.000118601


