# BIN:     VELOCITY:     AVE_POFV:        ERROR:
# Block 1
   0.0771129  0.00132081  0.00132081           0
    0.231339   0.0322999   0.0322999           0
    0.385565    0.106055    0.106055           0
     0.53979    0.126528    0.126528           0
    0.694016    0.270347    0.270347           0
    0.848242    0.295292    0.295292           0
     1.00247    0.430796    0.430796           0
     1.15669     0.42086     0.42086           0
     1.31092    0.476844    0.476844           0
     1.46515    0.379674    0.379674           0
     1.61937    0.498938    0.498938           0
      1.7736    0.545436    0.545436           0
     1.92782    0.503501    0.503501           0
     2.08205    0.392522    0.392522           0
     2.23627    0.431186    0.431186           0
      2.3905    0.251735    0.251735           0
     2.54473    0.208268    0.208268           0
     2.69895    0.223428    0.223428           0
     2.85318    0.221026    0.221026           0
      3.0074    0.204186    0.204186           0
     3.16163    0.118723    0.118723           0
     3.31585    0.142648    0.142648           0
     3.47008   0.0613879   0.0613879           0
     3.62431   0.0369828   0.0369828           0
     3.77853   0.0268666   0.0268666           0
     3.93276   0.0223338   0.0223338           0
     4.08698   0.0191218   0.0191218           0
     4.24121   0.0233244   0.0233244           0
     4.39544   0.0103864   0.0103864           0
     4.54966  0.00198122  0.00198122           0


# Block 2
   0.0771129 0.000360222 0.000840518 0.000339621
    0.231339   0.0240748   0.0281874    0.002908
    0.385565    0.120614    0.113335  0.00514738
     0.53979    0.106085    0.116307  0.00722755
    0.694016    0.253326    0.261836  0.00601765
    0.848242     0.32501    0.310151    0.010507
     1.00247     0.40525    0.418023  0.00903179
     1.15669    0.394383    0.407621   0.0093608
     1.31092    0.359111    0.417978   0.0416248
     1.46515    0.333236    0.356455   0.0164185
     1.61937    0.540934    0.519936   0.0148478
      1.7736    0.601721    0.573579   0.0198997
     1.92782    0.427944    0.465722   0.0267133
     2.08205    0.346354    0.369438    0.016323
     2.23627    0.294692    0.362939    0.048258
      2.3905    0.475944    0.363839   0.0792696
     2.54473    0.382796    0.295532   0.0617048
     2.69895    0.248583    0.236006  0.00889382
     2.85318    0.206888    0.213957  0.00499879
      3.0074     0.29121    0.247698   0.0307675
     3.16163    0.110708    0.114716  0.00283371
     3.31585    0.042206    0.092427   0.0355116
     3.47008   0.0540033   0.0576956  0.00261083
     3.62431   0.0740557   0.0555192   0.0131072
     3.77853   0.0206227   0.0237446  0.00220753
     3.93276    0.009726   0.0160299  0.00445752
     4.08698   0.0319697   0.0255458  0.00454243
     4.24121  0.00219135   0.0127579  0.00747166
     4.39544           0   0.0051932  0.00367215
     4.54966           0 0.000990611 0.000700468


# Block 3
   0.0771129 0.000300185 0.000660407 0.000269981
    0.231339    0.021073   0.0258159  0.00274001
    0.385565   0.0709938   0.0992212   0.0120239
     0.53979     0.14646    0.126358  0.00951671
    0.694016    0.223428    0.249034   0.0111969
    0.848242    0.301746     0.30735  0.00736876
     1.00247    0.269686    0.368577   0.0408186
     1.15669    0.360012    0.391752   0.0143821
     1.31092     0.40564    0.413865   0.0279523
     1.46515    0.492724    0.401878   0.0386692
     1.61937    0.597128    0.545667   0.0232243
      1.7736    0.641856    0.596338   0.0228323
     1.92782    0.462825    0.464757   0.0178263
     2.08205    0.490773    0.409883   0.0347699
     2.23627    0.432267    0.386048   0.0372969
      2.3905     0.27506    0.334246   0.0581084
     2.54473    0.253777    0.281614   0.0426775
     2.69895    0.268906    0.246972   0.0107394
     2.85318    0.295802    0.241239   0.0225234
      3.0074    0.164171    0.219856   0.0306189
     3.16163    0.111519     0.11365  0.00207989
     3.31585   0.0695529   0.0848023   0.0244793
     3.47008   0.0303487     0.04858  0.00764368
     3.62431   0.0399847    0.050341  0.00970728
     3.77853  0.00543335   0.0176409  0.00519646
     3.93276    0.014649   0.0155696  0.00299535
     4.08698   0.0193319   0.0234745  0.00346852
     4.24121   0.0077748   0.0110968  0.00516243
     4.39544 0.000510315  0.00363224     0.00276
     4.54966 0.000270167 0.000750463 0.000506474


# Block 4
   0.0771129           0 0.000495305  0.00024788
    0.231339  0.00228141   0.0199323  0.00549417
    0.385565   0.0228741   0.0801344   0.0188295
     0.53979   0.0660707    0.111286   0.0148766
    0.694016    0.193529    0.235158   0.0146605
    0.848242    0.268305    0.297589   0.0100996
     1.00247    0.294632    0.350091   0.0345474
     1.15669    0.337588    0.378211   0.0159332
     1.31092    0.512086     0.43842   0.0298616
     1.46515    0.668092    0.468431   0.0645224
     1.61937    0.773937    0.602734   0.0524017
      1.7736    0.614719    0.600933   0.0175806
     1.92782    0.445024    0.459824   0.0140357
     2.08205    0.329063    0.389678    0.031404
     2.23627     0.38979    0.386984   0.0279844
      2.3905    0.369528    0.343067   0.0442457
     2.54473    0.288058    0.283225   0.0320385
     2.69895    0.261341    0.250565  0.00863448
     2.85318    0.209799    0.233379   0.0182124
      3.0074   0.0885846    0.187038   0.0365391
     3.16163   0.0645998    0.101388   0.0107336
     3.31585   0.0370729   0.0728699   0.0210679
     3.47008   0.0237446   0.0423711  0.00785982
     3.62431   0.0707236   0.0554367  0.00851347
     3.77853   0.0561346   0.0272643  0.00920039
     3.93276   0.0343712     0.02027  0.00464942
     4.08698   0.0385438   0.0272418  0.00417274
     4.24121   0.0171106   0.0126003  0.00408488
     4.39544  0.00516318  0.00401498  0.00209637
     4.54966  0.00123076 0.000870537 0.000393832


# Block 5
   0.0771129           0 0.000396244 0.000217198
    0.231339   0.0231443   0.0205747  0.00443273
    0.385565   0.0436169   0.0728309   0.0164191
     0.53979   0.0719544     0.10342   0.0138255
    0.694016     0.14655    0.217436   0.0197179
    0.848242    0.198182    0.277707   0.0195318
     1.00247    0.290159    0.338105   0.0296445
     1.15669    0.467959     0.39616   0.0204994
     1.31092     0.40567     0.43187   0.0245971
     1.46515     0.55177    0.485099   0.0537277
     1.61937       0.729    0.627987    0.047619
      1.7736    0.668602    0.614467   0.0185564
     1.92782    0.572693    0.482398   0.0231029
     2.08205    0.369468    0.385636    0.025382
     2.23627    0.393092    0.388205   0.0224142
      2.3905    0.312223    0.336898    0.035824
     2.54473    0.371269    0.300834   0.0300831
     2.69895    0.197522    0.239956   0.0117366
     2.85318    0.169755    0.220654   0.0184884
      3.0074    0.141447     0.17792   0.0303477
     3.16163    0.122145    0.105539   0.0093554
     3.31585    0.106055    0.079507   0.0178692
     3.47008    0.029118   0.0397205  0.00671996
     3.62431   0.0109868   0.0465467   0.0104696
     3.77853   0.0368027    0.029172   0.0075555
     3.93276   0.0116472   0.0185454  0.00402669
     4.08698   0.0106566   0.0239248  0.00446607
     4.24121 0.000150093   0.0101102  0.00395467
     4.39544  0.00021013  0.00325401  0.00180995
     4.54966   0.0182212  0.00434068  0.00311974


# Block 6
   0.0771129           0 0.000330204 0.000190774
    0.231339   0.0348815   0.0229592  0.00428757
    0.385565   0.0740257     0.07303   0.0136838
     0.53979   0.0565249    0.095604   0.0135516
    0.694016    0.139886    0.204511   0.0202289
    0.848242    0.249424    0.272993   0.0168358
     1.00247    0.286317    0.329473   0.0259299
     1.15669    0.498638     0.41324   0.0231282
     1.31092    0.376552    0.422651   0.0221582
     1.46515    0.684842     0.51839   0.0541126
     1.61937    0.577376    0.619552   0.0404227
      1.7736     0.53436    0.601116   0.0196894
     1.92782    0.521362    0.488892   0.0201445
     2.08205    0.429445    0.392937    0.022177
     2.23627    0.476064    0.402848   0.0229689
      2.3905     0.45367     0.35636   0.0347399
     2.54473     0.30823    0.302066   0.0250945
     2.69895    0.176809    0.229432   0.0137099
     2.85318    0.146761    0.208338   0.0190728
      3.0074    0.094048    0.163941   0.0283268
     3.16163    0.107827     0.10592  0.00780393
     3.31585    0.114671   0.0853677   0.0158229
     3.47008   0.0666711   0.0442123  0.00694067
     3.62431     0.01621   0.0414906  0.00987032
     3.77853  0.00552341   0.0252306  0.00725179
     3.93276   0.0103564   0.0171806  0.00357942
     4.08698   0.0228741   0.0237496  0.00372516
     4.24121   0.0105365   0.0101813   0.0032962
     4.39544  0.00168104  0.00299185  0.00152716
     4.54966  0.00303187  0.00412254   0.0026074


# Block 7
   0.0771129  0.00366226 0.000806212 0.000470057
    0.231339   0.0103864   0.0211631  0.00403376
    0.385565   0.0403749    0.068365   0.0124989
     0.53979   0.0687724   0.0917709   0.0121456
    0.694016    0.271007    0.214011    0.019442
    0.848242    0.249724    0.269669   0.0147552
     1.00247    0.359081    0.333703   0.0225679
     1.15669     0.38901    0.409778   0.0200815
     1.31092    0.451268    0.426739   0.0193663
     1.46515    0.540093     0.52149    0.046471
     1.61937    0.503921    0.603033   0.0378732
      1.7736    0.459824    0.580931   0.0251801
     1.92782    0.509684    0.491862   0.0174843
     2.08205     0.42203    0.397093   0.0193944
     2.23627    0.416777    0.404838   0.0197736
      2.3905     0.47033    0.372641    0.033375
     2.54473    0.426923    0.319903   0.0271176
     2.69895    0.301776    0.239766   0.0151541
     2.85318    0.171916    0.203135    0.017043
      3.0074   0.0848623    0.152644   0.0264369
     3.16163   0.0856728    0.103028  0.00720522
     3.31585    0.107106   0.0884731   0.0138639
     3.47008   0.0760969   0.0487672  0.00729219
     3.62431   0.0264763   0.0393457   0.0086902
     3.77853   0.0310391   0.0260604  0.00626312
     3.93276  0.00465287   0.0153909   0.0034869
     4.08698 0.000930574   0.0204898  0.00439361
     4.24121  0.00060037  0.00881258  0.00309647
     4.39544           0  0.00256444  0.00136749
     4.54966           0  0.00353361  0.00230046


# Block 8
   0.0771129  0.00537331   0.0013771 0.000674048
    0.231339   0.0174408   0.0206978  0.00355628
    0.385565   0.0653203   0.0679844   0.0109423
     0.53979    0.111069   0.0941831   0.0108643
    0.694016    0.120584    0.202332   0.0202172
    0.848242    0.212231    0.262489   0.0145531
     1.00247    0.407952    0.342984   0.0215711
     1.15669    0.382676    0.406391   0.0178548
     1.31092    0.528176    0.439419   0.0206839
     1.46515    0.557744    0.526022   0.0408825
     1.61937    0.459193    0.585053   0.0371627
      1.7736    0.472912    0.567429   0.0253961
     1.92782     0.43854    0.485197   0.0165204
     2.08205    0.420349         0.4   0.0171866
     2.23627    0.457812     0.41146   0.0183772
      2.3905    0.465647    0.384267   0.0311622
     2.54473    0.329453    0.321097   0.0237541
     2.69895    0.341611    0.252497   0.0178222
     2.85318    0.303157    0.215638   0.0189517
      3.0074    0.147781    0.152036   0.0231393
     3.16163   0.0431366   0.0955414  0.00942274
     3.31585   0.0501009   0.0836766    0.012934
     3.47008   0.0188216    0.045024  0.00727825
     3.62431   0.0424462   0.0397333  0.00761256
     3.77853   0.0521121   0.0293168  0.00626992
     3.93276   0.0187916    0.015816  0.00307684
     4.08698  6.0037e-05   0.0179361  0.00452612
     4.24121  6.0037e-05  0.00771851  0.00289625
     4.39544  0.00588363  0.00297934  0.00125792
     4.54966  0.00354218  0.00353468   0.0020129


# Block 9
   0.0771129  0.00207128  0.00145423 0.000603551
    0.231339  0.00564348   0.0190251  0.00353268
    0.385565   0.0371929   0.0645632   0.0102474
     0.53979    0.092427    0.093988  0.00965893
    0.694016    0.109387    0.192005    0.020439
    0.848242    0.417918    0.279759   0.0207955
     1.00247    0.411344     0.35058   0.0204679
     1.15669    0.511696    0.418091   0.0193282
     1.31092    0.446495    0.440205   0.0184007
     1.46515    0.501219    0.523266   0.0364328
     1.61937    0.454901    0.570592   0.0357366
      1.7736    0.529947    0.563264   0.0229132
     1.92782    0.540423    0.491333   0.0157834
     2.08205    0.484529    0.409392   0.0176577
     2.23627     0.35719     0.40543   0.0172963
      2.3905    0.326181    0.377813   0.0283602
     2.54473    0.294452    0.318136   0.0212985
     2.69895    0.269056    0.254337   0.0159367
     2.85318    0.203856    0.214329   0.0168911
      3.0074    0.170685    0.154108   0.0206608
     3.16163   0.0720745    0.092934  0.00872908
     3.31585   0.0458383   0.0794723   0.0121611
     3.47008   0.0167803   0.0418858  0.00711401
     3.62431  0.00663409   0.0360556  0.00760336
     3.77853   0.0739656   0.0342778  0.00727585
     3.93276   0.0236846   0.0166903  0.00285648
     4.08698    0.011407   0.0172106  0.00408094
     4.24121   0.0133582  0.00834515  0.00264136
     4.39544   0.0198422  0.00485299  0.00209064
     4.54966   0.0286977  0.00633057  0.00318588


# Block 10
   0.0771129  0.00450278  0.00175908  0.00061539
    0.231339   0.0211631   0.0192389  0.00318587
    0.385565   0.0578157   0.0638884  0.00924484
     0.53979    0.141747   0.0987639  0.00980294
    0.694016    0.155766    0.188381   0.0187136
    0.848242    0.225019    0.274285    0.019423
     1.00247     0.42143    0.357665   0.0196091
     1.15669    0.432357    0.419518   0.0174479
     1.31092    0.510285    0.447213   0.0178453
     1.46515     0.35692    0.506631   0.0363894
     1.61937    0.448026    0.558335   0.0342003
      1.7736    0.603792    0.567317   0.0209773
     1.92782    0.586802     0.50088   0.0168467
     2.08205    0.477715    0.416225   0.0171629
     2.23627    0.312283    0.396115      0.0179
      2.3905    0.374751    0.377507   0.0255259
     2.54473     0.27593    0.313916   0.0195823
     2.69895    0.318707    0.260774   0.0155889
     2.85318    0.156396    0.208536   0.0161649
      3.0074    0.192269    0.157924   0.0189439
     3.16163    0.119354   0.0955759   0.0082463
     3.31585   0.0883745   0.0803626   0.0109775
     3.47008   0.0641496   0.0441122  0.00674199
     3.62431   0.0361723   0.0360672  0.00684303
     3.77853    0.017831   0.0326331  0.00673159
     3.93276   0.0656205   0.0215833  0.00530628
     4.08698   0.0156997   0.0170595  0.00367564
     4.24121  0.00258159  0.00776879   0.0024393
     4.39544 0.000180111   0.0043857   0.0019331
     4.54966 0.000300185  0.00572753  0.00292381


# Block 11
   0.0771129           0  0.00159917 0.000579851
    0.231339  0.00930574   0.0183359  0.00302151
    0.385565    0.121215   0.0690999  0.00976343
     0.53979    0.132081    0.101793  0.00936801
    0.694016    0.198873    0.189335   0.0170366
    0.848242    0.237687    0.270958     0.01794
     1.00247    0.352537    0.357198    0.017832
     1.15669    0.553121    0.431664   0.0196393
     1.31092    0.427374    0.445409   0.0163139
     1.46515    0.377843    0.494923    0.034914
     1.61937    0.446886    0.548204   0.0325573
      1.7736    0.423501    0.554243   0.0227831
     1.92782     0.47096     0.49816   0.0155332
     2.08205     0.50272    0.424088   0.0173104
     2.23627    0.455801    0.401541   0.0170753
      2.3905    0.411374    0.380586   0.0233903
     2.54473     0.37364    0.319345   0.0185396
     2.69895    0.255488    0.260293   0.0141791
     2.85318    0.144779     0.20274   0.0157002
      3.0074    0.120104    0.154486    0.017531
     3.16163    0.187766    0.103957   0.0109569
     3.31585   0.0643897   0.0789105   0.0100751
     3.47008   0.0655905   0.0460648  0.00640559
     3.62431   0.0542735   0.0377224  0.00641798
     3.77853   0.0579958   0.0349388  0.00650252
     3.93276   0.0116472     0.02068  0.00490017
     4.08698   0.0270467   0.0179674  0.00345181
     4.24121           0  0.00706254  0.00231753
     4.39544           0    0.003987  0.00179801
     4.54966           0  0.00520685  0.00270398


# Block 12
   0.0771129  0.00189117   0.0016235 0.000532041
    0.231339  0.00642396   0.0173432  0.00292824
    0.385565   0.0991512   0.0716042  0.00926541
     0.53979   0.0994814      0.1016  0.00858932
    0.694016     0.17843    0.188426   0.0156411
    0.848242    0.260531    0.270089    0.016466
     1.00247    0.293461    0.351887   0.0171188
     1.15669    0.384957    0.427771   0.0183844
     1.31092    0.460184     0.44664   0.0150008
     1.46515    0.514157    0.496526   0.0320413
     1.61937    0.554232    0.548706   0.0298481
      1.7736    0.493354    0.549169    0.021442
     1.92782    0.472972    0.496061   0.0143799
     2.08205     0.53553    0.433375   0.0181893
     2.23627    0.500829    0.409815   0.0175428
      2.3905    0.382106    0.380712   0.0214414
     2.54473    0.241709    0.312875   0.0180883
     2.69895    0.253987    0.259768   0.0130072
     2.85318    0.147361    0.198125   0.0150548
      3.0074    0.122716    0.151839   0.0162687
     3.16163    0.170475      0.1095   0.0113598
     3.31585    0.108397   0.0813677  0.00953045
     3.47008   0.0787085   0.0487851   0.0064235
     3.62431   0.0404349   0.0379484  0.00588712
     3.77853   0.0646299   0.0374131  0.00641412
     3.93276   0.0124577   0.0199948  0.00453948
     4.08698  0.00120074   0.0165702  0.00343532
     4.24121 0.000510315  0.00651652  0.00218778
     4.39544 0.000570352  0.00370228  0.00167056
     4.54966 0.000930574  0.00485049  0.00250202


# Block 13
   0.0771129   0.0043827  0.00183575 0.000531767
    0.231339  0.00894552   0.0166972  0.00277333
    0.385565     0.16144   0.0785146   0.0108272
     0.53979    0.189027    0.108325   0.0102279
    0.694016    0.232884    0.191846   0.0148071
    0.848242    0.289318    0.271568   0.0152657
     1.00247    0.360492    0.352549   0.0158147
     1.15669      0.5678    0.438543   0.0198768
     1.31092    0.375111    0.441138   0.0148216
     1.46515    0.306279    0.481892   0.0327485
     1.61937    0.395194    0.536897   0.0297966
      1.7736    0.506412     0.54588   0.0200433
     1.92782      0.4214    0.490318   0.0143749
     2.08205    0.411134    0.431664   0.0168704
     2.23627    0.500199    0.416768    0.017517
      2.3905    0.380335    0.380683   0.0197921
     2.54473    0.303697    0.312169   0.0167106
     2.69895    0.240538    0.258289   0.0120905
     2.85318    0.278782    0.204329   0.0151213
      3.0074    0.165102    0.152859   0.0150492
     3.16163    0.112569    0.109736   0.0104884
     3.31585   0.0815303   0.0813802  0.00879735
     3.47008   0.0313994   0.0474477  0.00606701
     3.62431   0.0456281   0.0385392  0.00546383
     3.77853   0.0278572    0.036678   0.0059627
     3.93276   0.0179511   0.0198376  0.00419301
     4.08698   0.0296283   0.0175747  0.00331467
     4.24121   0.0159999  0.00724601  0.00213765
     4.39544   0.0187916    0.004863  0.00190304
     4.54966  0.00417257  0.00479834   0.0023101


# Block 14
   0.0771129  0.00585361  0.00212274 0.000565953
    0.231339   0.0198723    0.016924  0.00258449
    0.385565    0.115932   0.0811872   0.0103785
     0.53979    0.128239    0.109748  0.00959578
    0.694016    0.199083    0.192363   0.0137585
    0.848242    0.284756     0.27251   0.0142043
     1.00247    0.352447    0.352542   0.0146851
     1.15669    0.569661    0.447908   0.0205453
     1.31092    0.420049    0.439632   0.0138393
     1.46515    0.494105    0.482764   0.0304209
     1.61937    0.487681    0.533382   0.0278749
      1.7736     0.55114    0.546255   0.0186152
     1.92782    0.341491    0.479687   0.0168259
     2.08205    0.301716    0.422382    0.018039
     2.23627     0.48684    0.421773   0.0169658
      2.3905    0.270587    0.372819   0.0198794
     2.54473    0.292981    0.310799   0.0155731
     2.69895    0.272478    0.259302   0.0112693
     2.85318    0.281364    0.209832    0.015009
      3.0074    0.247653     0.15963   0.0154225
     3.16163    0.186295    0.115205   0.0110734
     3.31585    0.017891   0.0768453  0.00926438
     3.47008   0.0293581   0.0461556   0.0057696
     3.62431   0.0167203   0.0369807  0.00529116
     3.77853   0.0136284   0.0350316  0.00575961
     3.93276  0.00318196   0.0186479  0.00405878
     4.08698   0.0223038   0.0179125  0.00309507
     4.24121   0.0089155  0.00736526  0.00198829
     4.39544    0.051962  0.00822722  0.00369218
     4.54966  0.00981605  0.00515675  0.00217272


# Block 15
   0.0771129 0.000750463  0.00203125 0.000535566
    0.231339   0.0133883   0.0166883  0.00242292
    0.385565   0.0675417   0.0802775  0.00972637
     0.53979    0.142588    0.111937  0.00920243
    0.694016    0.261041    0.196941   0.0135817
    0.848242    0.254677    0.271321    0.013307
     1.00247    0.348065    0.352243   0.0137091
     1.15669    0.446766    0.447832   0.0191758
     1.31092    0.533699    0.445903    0.014267
     1.46515     0.45331    0.480801   0.0284562
     1.61937    0.510585    0.531862   0.0260579
      1.7736    0.497137    0.542981   0.0176598
     1.92782    0.485249    0.480058   0.0157082
     2.08205    0.527996    0.429423   0.0181585
     2.23627    0.432417    0.422483   0.0158496
      2.3905    0.329243    0.369914   0.0187652
     2.54473     0.19386    0.303003   0.0163704
     2.69895     0.16282     0.25287   0.0122165
     2.85318    0.167834    0.207032   0.0142671
      3.0074    0.223818    0.163909   0.0149762
     3.16163    0.108847    0.114781   0.0103433
     3.31585   0.0606974   0.0757687  0.00870907
     3.47008   0.0790087   0.0483458  0.00578576
     3.62431   0.0565549   0.0382856  0.00509679
     3.77853   0.0303787   0.0347214  0.00538398
     3.93276   0.0217334   0.0188536   0.0037934
     4.08698   0.0027617   0.0169024  0.00304909
     4.24121  0.00336207  0.00709838  0.00187356
     4.39544   0.0574554   0.0115091  0.00468272
     4.54966  0.00993613  0.00547538   0.0020511


# Block 16
   0.0771129  0.00558344  0.00225326 0.000546174
    0.231339   0.0304688   0.0175496  0.00241973
    0.385565   0.0837216   0.0804928  0.00912085
     0.53979    0.139646    0.113669  0.00878872
    0.694016    0.251975    0.200381   0.0131612
    0.848242    0.244501    0.269645   0.0125805
     1.00247     0.35692    0.352536   0.0128554
     1.15669    0.414826    0.445769   0.0180879
     1.31092    0.445505    0.445878   0.0133753
     1.46515    0.436229    0.478015   0.0268137
     1.61937    0.524063    0.531375   0.0244339
      1.7736    0.515178    0.541243   0.0166414
     1.92782    0.552161    0.484564   0.0153593
     2.08205    0.444064    0.430338   0.0170467
     2.23627    0.501309    0.427409   0.0156059
      2.3905    0.316545    0.366579   0.0178863
     2.54473    0.254617    0.299979    0.015624
     2.69895    0.302106    0.255947   0.0118342
     2.85318    0.154265    0.203734   0.0137513
      3.0074    0.141387    0.162501   0.0141062
     3.16163    0.102543    0.114016   0.0097251
     3.31585   0.0400747   0.0735379  0.00844565
     3.47008   0.0301686   0.0472097  0.00553457
     3.62431    0.100082   0.0421479  0.00606765
     3.77853   0.0529527   0.0358609  0.00516665
     3.93276   0.0253356   0.0192588  0.00357788
     4.08698  0.00294181   0.0160299  0.00298075
     4.24121 0.000180111  0.00666599  0.00180567
     4.39544   0.0102063   0.0114277  0.00439076
     4.54966  0.00336207   0.0053433  0.00192715


# Block 17
   0.0771129  0.00477294  0.00240148 0.000533779
    0.231339   0.0273769   0.0181277  0.00234543
    0.385565   0.0614479   0.0793725  0.00865286
     0.53979   0.0860331    0.112043  0.00842074
    0.694016    0.250925    0.203354   0.0127184
    0.848242    0.249424    0.268456   0.0118966
     1.00247    0.271337    0.347759   0.0129562
     1.15669    0.376552    0.441698   0.0174762
     1.31092    0.462015    0.446827   0.0126221
     1.46515    0.472852    0.477711   0.0252381
     1.61937    0.466428    0.527554   0.0232933
      1.7736    0.379284    0.531716   0.0181862
     1.92782    0.508904    0.485996   0.0145223
     2.08205     0.60046    0.440345   0.0187526
     2.23627    0.678118    0.442157   0.0205044
      2.3905    0.488821    0.373769   0.0182224
     2.54473    0.330264     0.30176   0.0148062
     2.69895    0.286707    0.257757   0.0112755
     2.85318     0.16225    0.201294   0.0131571
      3.0074   0.0711439    0.157127   0.0142634
     3.16163   0.0704535    0.111453  0.00948463
     3.31585   0.0500709   0.0721574  0.00806087
     3.47008   0.0206527   0.0456476  0.00542499
     3.62431   0.0347314   0.0417116  0.00572639
     3.77853   0.0131481   0.0345248  0.00503251
     3.93276   0.0389941   0.0204197  0.00355076
     4.08698   0.0186115   0.0161817  0.00280928
     4.24121  0.00222137  0.00640454  0.00171828
     4.39544           0   0.0107555  0.00418362
     4.54966           0  0.00502898  0.00183924


# Block 18
   0.0771129  0.00252156  0.00240815 0.000504166
    0.231339   0.0209529   0.0182846  0.00222037
    0.385565   0.0887347   0.0798926  0.00818776
     0.53979    0.111549    0.112016  0.00795297
    0.694016    0.174378    0.201744   0.0121133
    0.848242    0.292801    0.269808   0.0113123
     1.00247    0.433918    0.352546   0.0130908
     1.15669    0.432987    0.441214    0.016512
     1.31092    0.399456    0.444196   0.0121922
     1.46515    0.397775     0.47327   0.0242236
     1.61937    0.381655    0.519449    0.023367
      1.7736    0.513016    0.530677   0.0172055
     1.92782    0.395794    0.480985   0.0145545
     2.08205    0.524123    0.444999   0.0182793
     2.23627    0.386819    0.439082   0.0195944
      2.3905    0.547598    0.383426   0.0196027
     2.54473    0.441632    0.309531   0.0158925
     2.69895    0.404379    0.265902   0.0132691
     2.85318    0.187796    0.200544   0.0124475
      3.0074    0.104374    0.154197   0.0137688
     3.16163    0.115211    0.111662     0.00896
     3.31585   0.0330204   0.0699832  0.00790084
     3.47008   0.0463786   0.0456882  0.00512376
     3.62431   0.0175908   0.0403716  0.00556284
     3.77853    0.017771   0.0335941  0.00483824
     3.93276   0.0117673    0.019939  0.00338588
     4.08698           0   0.0152828  0.00279335
     4.24121           0  0.00604873  0.00165925
     4.39544           0   0.0101579  0.00399364
     4.54966           0   0.0047496  0.00175816


# Block 19
   0.0771129   0.0117973  0.00290232 0.000677847
    0.231339   0.0513917   0.0200271  0.00270207
    0.385565   0.0899955   0.0804243  0.00777407
     0.53979    0.112269    0.112029   0.0075344
    0.694016    0.265274    0.205088   0.0119283
    0.848242    0.201905    0.266234   0.0112673
     1.00247    0.369258    0.353425   0.0124313
     1.15669    0.441662    0.441237   0.0156429
     1.31092    0.380004    0.440817   0.0120095
     1.46515    0.436859    0.471354   0.0230243
     1.61937    0.555853    0.521365   0.0222156
      1.7736     0.42092    0.524901   0.0172425
     1.92782    0.448357    0.479268   0.0138894
     2.08205    0.461685    0.445878   0.0173383
     2.23627    0.464777    0.440435   0.0186097
      2.3905    0.446015    0.386721   0.0188457
     2.54473    0.418188     0.31525    0.016052
     2.69895    0.174408    0.261087   0.0134161
     2.85318    0.246692    0.202973    0.012027
      3.0074    0.182573     0.15569   0.0131248
     3.16163   0.0983407    0.110961  0.00851581
     3.31585   0.0479996   0.0688261  0.00756925
     3.47008    0.131151   0.0501862  0.00653679
     3.62431    0.017771   0.0391821  0.00539574
     3.77853  0.00852526   0.0322746   0.0047601
     3.93276 0.000330204   0.0189069  0.00336128
     4.08698           0   0.0144784  0.00275971
     4.24121           0  0.00573038  0.00160217
     4.39544           0   0.0096233  0.00381907
     4.54966           0  0.00449962   0.0016833


# Block 20
   0.0771129           0   0.0027572 0.000659306
    0.231339  0.00381235   0.0192164  0.00268584
    0.385565   0.0574855   0.0792774   0.0074695
     0.53979    0.166062    0.114731  0.00762669
    0.694016    0.237897    0.206729   0.0114441
    0.848242    0.248583    0.265352   0.0107384
     1.00247    0.330444    0.352276   0.0118627
     1.15669    0.371749    0.437763   0.0152418
     1.31092    0.475763    0.442564   0.0115354
     1.46515    0.581669     0.47687   0.0225241
     1.61937    0.640235    0.527308   0.0218854
      1.7736    0.408612    0.519086    0.017333
     1.92782    0.407291    0.475669   0.0136532
     2.08205    0.458983    0.446533   0.0164838
     2.23627    0.498157    0.443321   0.0179017
      2.3905    0.290129    0.381891   0.0185119
     2.54473    0.451809    0.322078   0.0166383
     2.69895    0.220426    0.259054   0.0128984
     2.85318    0.122536    0.198951   0.0120794
      3.0074    0.140006    0.154906    0.012492
     3.16163    0.125627    0.111694  0.00812153
     3.31585   0.0573354   0.0682516  0.00721256
     3.47008   0.0411554   0.0497347  0.00622553
     3.62431   0.0484199    0.039644  0.00514568
     3.77853   0.0319997   0.0322609  0.00452211
     3.93276   0.0348815   0.0197057  0.00328675
     4.08698  0.00234144   0.0138716  0.00268762
     4.24121 0.000780481  0.00548288  0.00154106
     4.39544 0.000870537  0.00918567   0.0036531
     4.54966  0.00861531   0.0047054  0.00161166


# Block 21
   0.0771129  0.00336207    0.002786 0.000628539
    0.231339  0.00795491   0.0186801  0.00261093
    0.385565   0.0620783   0.0784584  0.00715857
     0.53979    0.169364    0.117332  0.00769446
    0.694016    0.318376    0.212045   0.0120711
    0.848242    0.239758    0.264133    0.010296
     1.00247    0.168644    0.343532   0.0141585
     1.15669    0.276951    0.430105   0.0163267
     1.31092    0.537271    0.447074   0.0118349
     1.46515    0.439741    0.475102   0.0215208
     1.61937     0.56684    0.529191    0.020924
      1.7736    0.561556    0.521109   0.0166252
     1.92782    0.501189    0.476884    0.013057
     2.08205    0.521001    0.450079   0.0160757
     2.23627    0.461775      0.4442   0.0170708
      2.3905    0.457512    0.385492   0.0179772
     2.54473    0.415636    0.326533   0.0164317
     2.69895    0.211901    0.256808   0.0124781
     2.85318    0.134813    0.195897   0.0118841
      3.0074    0.146821    0.154521   0.0119031
     3.16163   0.0866034      0.1105  0.00782219
     3.31585   0.0466488   0.0672229  0.00694208
     3.47008   0.0250955   0.0485614  0.00603862
     3.62431   0.0328403     0.03932  0.00491084
     3.77853   0.0120674   0.0312993  0.00440783
     3.93276   0.0108067   0.0192819  0.00315744
     4.08698  0.00375231   0.0133897  0.00260248
     4.24121  0.00612378   0.0055134  0.00146797
     4.39544 0.000540333  0.00877398  0.00350226
     4.54966   0.0411854  0.00644254  0.00228691


# Block 22
   0.0771129  0.00909561   0.0030728 0.000662177
    0.231339   0.0115571   0.0183563  0.00251225
    0.385565   0.0922169   0.0790838  0.00686044
     0.53979   0.0998716    0.116539  0.00738553
    0.694016    0.112119    0.207503   0.0123474
    0.848242    0.266955    0.264261  0.00982881
     1.00247     0.29232    0.341204    0.013705
     1.15669    0.401948    0.428825   0.0156347
     1.31092    0.399967    0.444933    0.011489
     1.46515     0.50311    0.476375   0.0205802
     1.61937    0.505722    0.528124   0.0200001
      1.7736    0.703364    0.529393   0.0178144
     1.92782    0.638314    0.484222   0.0143783
     2.08205    0.477324    0.451317   0.0153926
     2.23627     0.43704    0.443874   0.0162979
      2.3905    0.440972    0.388014   0.0173361
     2.54473    0.366886    0.328367   0.0157868
     2.69895    0.203946    0.254406   0.0121401
     2.85318    0.107046    0.191858   0.0120105
      3.0074    0.074596    0.150888   0.0119035
     3.16163   0.0806297    0.109142  0.00758355
     3.31585   0.0804496   0.0678241  0.00665251
     3.47008   0.0525324   0.0487419  0.00576684
     3.62431   0.0183113    0.038365  0.00477956
     3.77853   0.0189117   0.0307362  0.00424328
     3.93276   0.0226039   0.0194329  0.00301753
     4.08698   0.0130581   0.0133746  0.00248422
     4.24121  0.00789487  0.00562165  0.00140523
     4.39544  0.00282174  0.00850343   0.0033535
     4.54966   0.0327202  0.00763698   0.0024753


# Block 23
   0.0771129           0   0.0029392 0.000646724
    0.231339   0.0021013   0.0176496  0.00250045
    0.385565   0.0191518    0.076478  0.00703965
     0.53979   0.0733953    0.114663  0.00729875
    0.694016    0.109508    0.203242   0.0125241
    0.848242    0.166062    0.259992   0.0102871
     1.00247    0.320658    0.340311   0.0131382
     1.15669    0.434398    0.429068   0.0149568
     1.31092     0.37247    0.441782   0.0114133
     1.46515    0.500168    0.477409   0.0197114
     1.61937    0.466398     0.52544   0.0193098
      1.7736    0.742838    0.538673   0.0193063
     1.92782    0.700872    0.493641   0.0165535
     2.08205    0.685653    0.461506   0.0177784
     2.23627    0.399877    0.441961   0.0157012
      2.3905    0.445565    0.390516   0.0167619
     2.54473    0.281093    0.326312   0.0152337
     2.69895    0.218955    0.252864   0.0117097
     2.85318    0.117312    0.188617   0.0119176
      3.0074   0.0839918     0.14798    0.011736
     3.16163   0.0962394    0.108581  0.00727455
     3.31585    0.063189   0.0676226  0.00636633
     3.47008   0.0862732   0.0503737  0.00574234
     3.62431    0.051842    0.038951  0.00460753
     3.77853   0.0139586   0.0300068  0.00412102
     3.93276    0.025876    0.019713   0.0028993
     4.08698  0.00369228   0.0129536  0.00241162
     4.24121  0.00246152  0.00548425  0.00135084
     4.39544           0  0.00813371  0.00322802
     4.54966           0  0.00730494  0.00238985


# Block 24
   0.0771129 0.000150093  0.00282299 0.000630132
    0.231339   0.0315194   0.0182275  0.00246215
    0.385565   0.0622584   0.0758856  0.00677121
     0.53979   0.0661908    0.112643   0.0072687
    0.694016      0.1618    0.201516   0.0121207
    0.848242    0.199173    0.257458   0.0101658
     1.00247    0.326872    0.339751   0.0126027
     1.15669    0.258309    0.421953   0.0159363
     1.31092    0.429565    0.441273   0.0109491
     1.46515    0.617601    0.483251   0.0197366
     1.61937     0.58371    0.527868   0.0186572
      1.7736    0.554322    0.539325   0.0185129
     1.92782    0.623605    0.499057   0.0167261
     2.08205    0.488611    0.462635   0.0170734
     2.23627    0.530037    0.445631   0.0154699
      2.3905    0.459343    0.393384    0.016307
     2.54473    0.267345    0.323855   0.0147957
     2.69895    0.170055    0.249414   0.0117191
     2.85318    0.190618      0.1887   0.0114214
      3.0074    0.114791    0.146597   0.0113281
     3.16163    0.115001    0.108848  0.00697636
     3.31585   0.0694028   0.0676968  0.00610149
     3.47008   0.0335607   0.0496731  0.00554564
     3.62431   0.0662809   0.0400897   0.0045541
     3.77853  0.00384237   0.0289166  0.00409097
     3.93276   0.0132081    0.019442  0.00279114
     4.08698   0.0410353   0.0141237  0.00257941
     4.24121  0.00471291  0.00545211  0.00129493
     4.39544  0.00108067  0.00783984  0.00310686
     4.54966           0  0.00700057  0.00230957


# Block 25
   0.0771129  0.00714441  0.00299585 0.000628188
    0.231339   0.0882845   0.0210298  0.00362292
    0.385565   0.0868736   0.0763251  0.00651461
     0.53979   0.0720144    0.111018  0.00715732
    0.694016    0.203465    0.201594   0.0116362
    0.848242    0.214782    0.255751  0.00990143
     1.00247    0.225829    0.335194   0.0128961
     1.15669    0.310121    0.417479   0.0159142
     1.31092    0.547508    0.445523   0.0113057
     1.46515    0.581339    0.487174   0.0193332
     1.61937    0.529677     0.52794   0.0179111
      1.7736    0.580438     0.54097   0.0178453
     1.92782    0.624025    0.504055   0.0167874
     2.08205    0.490653    0.463756   0.0164272
     2.23627    0.381625    0.443071   0.0150615
      2.3905    0.316845    0.390322   0.0159395
     2.54473    0.346474    0.324759   0.0142315
     2.69895    0.260531    0.249859   0.0112588
     2.85318    0.123916    0.186109   0.0112546
      3.0074   0.0954589    0.144551   0.0110581
     3.16163   0.0857629    0.107925  0.00675814
     3.31585   0.0516318   0.0670542  0.00589118
     3.47008  0.00906559   0.0480488   0.0055566
     3.62431    0.055054   0.0406883   0.0044111
     3.77853   0.0609976   0.0301998  0.00412368
     3.93276   0.0258159   0.0196969  0.00269111
     4.08698   0.0339209   0.0149156  0.00259495
     4.24121    0.035722  0.00666291  0.00171836
     4.39544    0.029238  0.00869576  0.00309825
     4.54966  0.00399246  0.00688024  0.00222032


# Block 26
   0.0771129           0  0.00288062 0.000614504
    0.231339   0.0390541    0.021723  0.00354928
    0.385565   0.0295382   0.0745256  0.00650784
     0.53979    0.136224    0.111988  0.00694739
    0.694016    0.181222     0.20081    0.011215
    0.848242    0.251075    0.255571  0.00952223
     1.00247    0.266384    0.332547   0.0126688
     1.15669    0.326151    0.413967    0.015685
     1.31092    0.432207    0.445011   0.0108825
     1.46515    0.528476    0.488763   0.0186548
     1.61937    0.541114    0.528447   0.0172293
      1.7736    0.565609    0.541917    0.017184
     1.92782    0.611357    0.508182   0.0166413
     2.08205    0.595357    0.468818   0.0165569
     2.23627     0.42182    0.442254   0.0145043
      2.3905    0.353888    0.388921   0.0153879
     2.54473    0.282474    0.323133   0.0137768
     2.69895    0.251225    0.249911   0.0108259
     2.85318    0.128869    0.183907    0.011035
      3.0074    0.124577    0.143783   0.0106595
     3.16163   0.0484199    0.105636  0.00687483
     3.31585   0.0376732   0.0659241  0.00577196
     3.47008   0.0653203   0.0487131  0.00538245
     3.62431    0.074506    0.041989  0.00442905
     3.77853    0.053553    0.031098  0.00406172
     3.93276   0.0147091   0.0195051  0.00259444
     4.08698   0.0390241   0.0158428  0.00265564
     4.24121   0.0578757  0.00863263  0.00254177
     4.39544   0.0153395  0.00895129   0.0029896
     4.54966   0.0101162   0.0070047  0.00213841


# Block 27
   0.0771129  0.00339209  0.00289957 0.000592036
    0.231339   0.0195721   0.0216433  0.00341872
    0.385565   0.0531928   0.0737355  0.00631459
     0.53979   0.0565849    0.109936  0.00698654
    0.694016    0.182122    0.200118   0.0108209
    0.848242    0.330474    0.258345  0.00956514
     1.00247     0.35644    0.333432   0.0122304
     1.15669    0.509204    0.417494   0.0154956
     1.31092    0.573834    0.449782   0.0114778
     1.46515    0.537091    0.490553   0.0180495
     1.61937    0.510555    0.527784    0.016604
      1.7736    0.401918    0.536732   0.0173122
     1.92782    0.494765    0.507685   0.0160323
     2.08205     0.42203    0.467085   0.0160341
     2.23627    0.416117    0.441286   0.0139994
      2.3905    0.339329    0.387084   0.0149272
     2.54473    0.363074    0.324612   0.0133457
     2.69895    0.233604    0.249307   0.0104418
     2.85318    0.152134     0.18273   0.0106888
      3.0074    0.100532    0.142181   0.0103844
     3.16163   0.0804496    0.104703  0.00668319
     3.31585   0.0478495   0.0652547  0.00559686
     3.47008   0.0313393   0.0480696  0.00522142
     3.62431    0.131031   0.0452868  0.00535381
     3.77853   0.0553842   0.0319975  0.00400965
     3.93276   0.0603672   0.0210185  0.00290643
     4.08698   0.0100262   0.0156274  0.00256601
     4.24121  0.00912563  0.00865089   0.0024477
     4.39544  0.00246152  0.00871093  0.00288852
     4.54966           0  0.00674527  0.00207489


# Block 28
   0.0771129  0.00228141  0.00287749 0.000571304
    0.231339    0.029208   0.0219135  0.00330728
    0.385565    0.072885   0.0737051  0.00608914
     0.53979    0.137305    0.110913  0.00680505
    0.694016    0.228531    0.201133   0.0104819
    0.848242     0.38928    0.263021   0.0103034
     1.00247    0.358421    0.334325   0.0118261
     1.15669    0.400177    0.416876   0.0149546
     1.31092     0.45442    0.449948   0.0110691
     1.46515    0.422871    0.488135    0.017566
     1.61937    0.529166    0.527834    0.016011
      1.7736    0.524273    0.536287   0.0166997
     1.92782    0.506983     0.50766   0.0154598
     2.08205      0.3559    0.463114   0.0159456
     2.23627    0.337048    0.437563   0.0139856
      2.3905    0.314684    0.384499   0.0146163
     2.54473    0.295923    0.323588   0.0129084
     2.69895    0.304538     0.25128   0.0102535
     2.85318    0.268666      0.1858   0.0107387
      3.0074    0.120434    0.141404   0.0100425
     3.16163    0.124997    0.105428  0.00648369
     3.31585   0.0706936   0.0654489  0.00540035
     3.47008      0.0649   0.0486707  0.00506942
     3.62431   0.0377933   0.0450192  0.00516929
     3.77853    0.094108   0.0342157  0.00443782
     3.93276   0.0240748   0.0211277  0.00280468
     4.08698  0.00978604   0.0154188  0.00248283
     4.24121  0.00345213  0.00846522  0.00236731
     4.39544  0.00120074  0.00844271  0.00279779
     4.54966           0  0.00650437  0.00201472


# Block 29
   0.0771129   0.0021013  0.00285072  0.00055223
    0.231339   0.0362624   0.0224083  0.00323004
    0.385565   0.0446976   0.0727048  0.00596076
     0.53979   0.0750163    0.109675  0.00668202
    0.694016    0.208118    0.201374   0.0101233
    0.848242    0.315284    0.264823   0.0101045
     1.00247    0.415276    0.337116   0.0117432
     1.15669    0.531598    0.420832    0.014953
     1.31092    0.496506    0.451553   0.0108032
     1.46515    0.585871    0.491506   0.0172806
     1.61937    0.500469     0.52689   0.0154867
      1.7736     0.55186    0.536824   0.0161324
     1.92782    0.500439    0.507411   0.0149287
     2.08205    0.374841     0.46007   0.0156835
     2.23627    0.241109    0.430788   0.0150549
      2.3905    0.351367    0.383356   0.0141569
     2.54473    0.240028    0.320706   0.0127808
     2.69895    0.248193    0.251173  0.00990045
     2.85318    0.151834    0.184628   0.0104321
      3.0074   0.0452679    0.138089   0.0102287
     3.16163    0.165852    0.107512   0.0065864
     3.31585   0.0603372   0.0652727    0.005217
     3.47008   0.0718643   0.0494705   0.0049573
     3.62431    0.104915   0.0470846  0.00538787
     3.77853   0.0878342   0.0360647  0.00465403
     3.93276   0.0623184    0.022548  0.00304646
     4.08698  0.00699431   0.0151283  0.00241415
     4.24121  0.00774478  0.00844038  0.00228581
     4.39544           0  0.00815158  0.00271642
     4.54966           0  0.00628008  0.00195769


# Block 30
   0.0771129 0.000180111   0.0027617  0.00054095
    0.231339   0.0116172   0.0220486  0.00314233
    0.385565   0.0806898    0.072971  0.00576801
     0.53979    0.110678    0.109709  0.00645937
    0.694016    0.274279    0.203804   0.0100733
    0.848242    0.329783    0.266989  0.00999699
     1.00247    0.342541    0.337297   0.0113531
     1.15669    0.444964    0.421636   0.0144762
     1.31092    0.445235    0.451342   0.0104451
     1.46515    0.563568    0.493908   0.0168707
     1.61937    0.609406    0.529641   0.0152128
      1.7736    0.488461    0.535212    0.015675
     1.92782    0.457242    0.505739   0.0145244
     2.08205    0.334406    0.455881   0.0157102
     2.23627     0.30772    0.426686   0.0151016
      2.3905    0.403929    0.384042   0.0137016
     2.54473    0.271968    0.319082   0.0124576
     2.69895    0.189447    0.249116   0.0097819
     2.85318     0.12944    0.182789   0.0102452
      3.0074    0.118873    0.137449   0.0099078
     3.16163     0.16219    0.109334  0.00661423
     3.31585    0.169725   0.0687544  0.00609518
     3.47008    0.066491   0.0500379  0.00482441
     3.62431   0.0364425   0.0467298  0.00521993
     3.77853   0.0524724   0.0366116  0.00453092
     3.93276    0.024285   0.0226059  0.00294547
     4.08698   0.0102063   0.0149642  0.00233925
     4.24121  0.00876541  0.00845121  0.00220964
     4.39544 0.000360222  0.00789187  0.00263826
     4.54966 0.000270167  0.00607975  0.00190266


# Block 31
   0.0771129  0.00060037  0.00269198 0.000527974
    0.231339   0.0140787   0.0217915  0.00305147
    0.385565   0.0617481    0.072609  0.00559329
     0.53979    0.125417    0.110215  0.00627085
    0.694016    0.252186    0.205364  0.00986852
    0.848242    0.352477    0.269746   0.0100477
     1.00247    0.361513    0.338078   0.0110137
     1.15669    0.377963    0.420227   0.0140776
     1.31092    0.475613    0.452125   0.0101375
     1.46515    0.563387    0.496149   0.0164747
     1.61937      0.4703    0.527726    0.014842
      1.7736    0.542855    0.535459   0.0151713
     1.92782    0.508844    0.505839   0.0140563
     2.08205    0.465527    0.456192   0.0152065
     2.23627    0.436469    0.427002   0.0146178
      2.3905    0.269446    0.380345   0.0137493
     2.54473     0.19416    0.315052   0.0126908
     2.69895    0.103924    0.244432   0.0105281
     2.85318    0.188456    0.182972  0.00991638
      3.0074    0.217124    0.140019  0.00991596
     3.16163    0.138055    0.110261  0.00646542
     3.31585   0.0759168   0.0689855  0.00590294
     3.47008   0.0983106    0.051595  0.00491367
     3.62431   0.0538232   0.0469586  0.00505656
     3.77853   0.0236246   0.0361926  0.00440409
     3.93276  0.00471291   0.0220287  0.00290645
     4.08698  0.00165102   0.0145348  0.00230287
     4.24121 0.000660407   0.0081999  0.00215261
     4.39544   0.0157297   0.0081447  0.00256524
     4.54966   0.0247953  0.00668348   0.0019347


# Block 32
   0.0771129  0.00297183  0.00270073 0.000511547
    0.231339    0.017891   0.0216696  0.00295854
    0.385565   0.0432267   0.0716908  0.00549335
     0.53979    0.248853    0.114548  0.00742211
    0.694016    0.253506    0.206869  0.00967412
    0.848242    0.476934    0.276221   0.0116342
     1.00247    0.378083    0.339328   0.0107403
     1.15669    0.427764    0.420463   0.0136396
     1.31092    0.447516    0.451981   0.0098217
     1.46515    0.619492    0.500003   0.0164045
     1.61937    0.441422    0.525029   0.0146212
      1.7736     0.45442    0.532926   0.0149071
     1.92782    0.435058    0.503627   0.0137899
     2.08205    0.442593    0.455767   0.0147372
     2.23627    0.321498    0.423705    0.014528
      2.3905    0.218355    0.375283    0.014221
     2.54473    0.155736    0.310073   0.0132348
     2.69895    0.125327     0.24071    0.010837
     2.85318   0.0832714    0.179856   0.0100841
      3.0074    0.247533    0.143379   0.0101593
     3.16163    0.157717    0.111744  0.00643121
     3.31585   0.0805697   0.0693475  0.00572957
     3.47008    0.119474   0.0537163  0.00519785
     3.62431   0.0911062   0.0483383  0.00508327
     3.77853   0.0465587   0.0365166  0.00427836
     3.93276    0.012998   0.0217465   0.0028293
     4.08698   0.0260861   0.0148957  0.00225902
     4.24121   0.0218535  0.00862657   0.0021272
     4.39544  0.00546337  0.00806091  0.00248644
     4.54966   0.0122476  0.00685735  0.00188203


# Block 33
   0.0771129  0.00159098   0.0026671  0.00049715
    0.231339   0.0219736   0.0216788   0.0028689
    0.385565    0.181612   0.0750217  0.00625577
     0.53979    0.233514    0.118153  0.00802509
    0.694016      0.1938    0.206473  0.00938907
    0.848242    0.425663     0.28075    0.012131
     1.00247    0.399486    0.341151   0.0105684
     1.15669    0.547418     0.42431   0.0137582
     1.31092     0.56744     0.45548   0.0101281
     1.46515    0.482247    0.499465   0.0159163
     1.61937    0.358451    0.519982   0.0150242
      1.7736     0.37313    0.528084   0.0152215
     1.92782    0.384507    0.500017   0.0138364
     2.08205    0.361213    0.452902   0.0145665
     2.23627    0.358721    0.421736   0.0142206
      2.3905    0.278272    0.372343   0.0140906
     2.54473    0.166273    0.305716   0.0135321
     2.69895   0.0990911    0.236419   0.0113265
     2.85318    0.123286    0.178142  0.00992313
      3.0074    0.302437    0.148199   0.0109352
     3.16163    0.126018    0.112176  0.00625086
     3.31585    0.105695   0.0704489  0.00566082
     3.47008    0.126888   0.0559336  0.00549296
     3.62431    0.118333   0.0504593  0.00535349
     3.77853   0.0234445   0.0361205  0.00416701
     3.93276  0.00228141   0.0211567  0.00280437
     4.08698   0.0264163   0.0152449  0.00221738
     4.24121   0.0347614  0.00941854  0.00220525
     4.39544           0  0.00781664  0.00242306
     4.54966           0  0.00664956  0.00183644


# Block 34
   0.0771129   0.0117673  0.00293475 0.000549876
    0.231339   0.0837517   0.0235045  0.00331491
    0.385565    0.142468   0.0770054  0.00637855
     0.53979    0.170205    0.119684  0.00793375
    0.694016    0.181432    0.205736  0.00914176
    0.848242     0.27518    0.280586   0.0117754
     1.00247    0.332575    0.340899   0.0102606
     1.15669     0.48678    0.426147   0.0134756
     1.31092    0.478375    0.456153  0.00985257
     1.46515    0.491763    0.499239   0.0154497
     1.61937    0.535921     0.52045   0.0145896
      1.7736    0.485309    0.526826   0.0148257
     1.92782    0.474022    0.499253   0.0134506
     2.08205    0.299495     0.44839   0.0148204
     2.23627    0.343982    0.419449    0.013985
      2.3905    0.368327    0.372225   0.0136767
     2.54473    0.241469    0.303826   0.0132654
     2.69895    0.173387    0.234565   0.0111441
     2.85318    0.220876    0.179399  0.00971055
      3.0074    0.153845    0.148365   0.0106149
     3.16163    0.101373    0.111859  0.00607508
     3.31585   0.0813502   0.0707695   0.0055034
     3.47008   0.0594967   0.0560384   0.0053324
     3.62431   0.0755866   0.0511983  0.00524679
     3.77853   0.0899655   0.0377041  0.00433495
     3.93276   0.0355419   0.0215798  0.00275362
     4.08698   0.0102063   0.0150967  0.00215711
     4.24121   0.0154595  0.00959621  0.00214753
     4.39544   0.0236546  0.00828246  0.00239615
     4.54966   0.0200223  0.00704287  0.00182406


# Block 35
   0.0771129  0.00735454  0.00306103 0.000548474
    0.231339   0.0412154   0.0240105  0.00325859
    0.385565   0.0825809   0.0771647  0.00619829
     0.53979    0.135323    0.120131  0.00771964
    0.694016    0.217484    0.206072  0.00888673
    0.848242    0.239248    0.279405    0.011498
     1.00247    0.285746    0.339323   0.0100877
     1.15669    0.462735    0.427193   0.0131311
     1.31092     0.55177    0.458885  0.00994261
     1.46515    0.539853    0.500399   0.0150518
     1.61937    0.529527     0.52071   0.0141751
      1.7736    0.527275    0.526839   0.0144021
     1.92782    0.390061    0.496133   0.0134232
     2.08205    0.310181    0.444441   0.0149138
     2.23627    0.294211     0.41587   0.0140358
      2.3905    0.288298    0.369827   0.0134945
     2.54473    0.332125    0.304635    0.012911
     2.69895    0.265994    0.235463   0.0108618
     2.85318    0.218565    0.180518  0.00949737
      3.0074    0.190918    0.149581    0.010381
     3.16163    0.152014    0.113006  0.00600886
     3.31585    0.156517   0.0732194  0.00586618
     3.47008    0.123556   0.0579675  0.00551796
     3.62431   0.0514818   0.0512064  0.00509689
     3.77853   0.0404049   0.0377813  0.00421178
     3.93276  0.00678418    0.021157   0.0027072
     4.08698  0.00498307   0.0148077  0.00211474
     4.24121   0.0261161   0.0100682  0.00213741
     4.39544  0.00612378  0.00822078  0.00232849
     4.54966  0.00516318  0.00698917  0.00177273


# Block 36
   0.0771129 0.000570352  0.00299185 0.000537584
    0.231339   0.0362924   0.0243517  0.00318588
    0.385565   0.0982206   0.0777496  0.00605365
     0.53979    0.156757    0.121148  0.00757195
    0.694016     0.17897    0.205319   0.0086717
    0.848242    0.266775    0.279054    0.011184
     1.00247    0.375982    0.340342  0.00985873
     1.15669    0.443373    0.427642    0.012774
     1.31092    0.490503    0.459764  0.00970514
     1.46515    0.540423    0.501511   0.0146747
     1.61937    0.479396    0.519562   0.0138277
      1.7736    0.509534    0.526358   0.0140101
     1.92782    0.506622    0.496425   0.0130535
     2.08205    0.401558     0.44325    0.014547
     2.23627    0.246992    0.411179   0.0144085
      2.3905    0.254407    0.366621   0.0134951
     2.54473    0.224358    0.302405   0.0127434
     2.69895    0.201634    0.234523   0.0106007
     2.85318    0.218415     0.18157  0.00929171
      3.0074    0.195901    0.150867   0.0101721
     3.16163    0.239127    0.116509  0.00678683
     3.31585    0.124907   0.0746552  0.00587631
     3.47008    0.116112   0.0595826  0.00559607
     3.62431   0.0781382   0.0519545  0.00500991
     3.77853   0.0334706   0.0376616  0.00409649
     3.93276    0.009726   0.0208395  0.00265056
     4.08698   0.0102363   0.0146807  0.00205981
     4.24121   0.0102363   0.0100729  0.00207805
     4.39544   0.0084352  0.00822674  0.00226381
     4.54966   0.0166903  0.00725864  0.00174385


# Block 37
   0.0771129           0  0.00291098 0.000529101
    0.231339   0.0199623   0.0242331  0.00310199
    0.385565    0.108337   0.0785763  0.00594622
     0.53979    0.118453    0.121075  0.00736765
    0.694016    0.284636    0.207463  0.00869826
    0.848242    0.248523    0.278229   0.0109121
     1.00247    0.369888     0.34114  0.00962456
     1.15669    0.454811    0.428376   0.0124499
     1.31092    0.566389    0.462645  0.00986141
     1.46515     0.53586    0.502439   0.0143075
     1.61937    0.447816    0.517623   0.0135893
      1.7736    0.514247    0.526031   0.0136353
     1.92782    0.406781    0.494002   0.0129236
     2.08205    0.476574    0.444151   0.0141817
     2.23627    0.313393    0.408537   0.0142594
      2.3905    0.258219    0.363691   0.0134447
     2.54473    0.192629    0.299438   0.0127397
     2.69895    0.183413    0.233142   0.0104038
     2.85318     0.14583    0.180604  0.00909065
      3.0074    0.228921    0.152977   0.0101135
     3.16163    0.165102    0.117823  0.00672927
     3.31585    0.141417   0.0764596  0.00598811
     3.47008    0.104074   0.0607851  0.00557252
     3.62431   0.0571252   0.0520943  0.00487646
     3.77853   0.0688325    0.038504  0.00407148
     3.93276   0.0402848   0.0213651  0.00263051
     4.08698   0.0169605   0.0147423  0.00200506
     4.24121  0.00522322  0.00994181  0.00202601
     4.39544  0.00333206  0.00809445  0.00220649
     4.54966  0.00582359  0.00721986  0.00169715


# Block 38
   0.0771129 0.000960592  0.00285966 0.000517661
    0.231339   0.0336207   0.0244801  0.00303018
    0.385565    0.082671   0.0786841  0.00579071
     0.53979    0.110108    0.120787  0.00717942
    0.694016    0.170055    0.206478  0.00852488
    0.848242    0.212021    0.276486   0.0107631
     1.00247    0.332425    0.340911  0.00937402
     1.15669    0.530547    0.431065   0.0124092
     1.31092    0.618141    0.466737   0.0104163
     1.46515    0.513767    0.502737    0.013934
     1.61937    0.630029    0.520581   0.0135498
      1.7736    0.564798    0.527051   0.0133146
     1.92782    0.426293     0.49222   0.0127057
     2.08205    0.412424    0.443316    0.013833
     2.23627    0.195661    0.402935   0.0149441
      2.3905    0.222197    0.359968   0.0135967
     2.54473    0.272088    0.298718   0.0124248
     2.69895    0.179871     0.23174    0.010224
     2.85318    0.159368    0.180046  0.00886859
      3.0074    0.195781    0.154103  0.00990991
     3.16163    0.174648    0.119318  0.00671629
     3.31585    0.167713    0.078861  0.00629365
     3.47008   0.0920067   0.0616067  0.00548611
     3.62431   0.0724947   0.0526311  0.00477759
     3.77853   0.0480596   0.0387555   0.0039721
     3.93276   0.0334406   0.0216828  0.00258041
     4.08698   0.0228741   0.0149563  0.00196368
     4.24121  0.00813502  0.00989426  0.00197325
     4.39544  0.00180111  0.00792884  0.00215463
     4.54966           0  0.00702986  0.00166309


# Block 39
   0.0771129 0.000270167  0.00279326 0.000508628
    0.231339   0.0176809   0.0243058  0.00295749
    0.385565     0.08105   0.0787447  0.00564255
     0.53979    0.139406    0.121264  0.00701119
    0.694016     0.20998    0.206568  0.00830677
    0.848242    0.321919    0.277651     0.01055
     1.00247    0.391982     0.34222  0.00922467
     1.15669    0.538982    0.433832   0.0123957
     1.31092    0.436829     0.46597   0.0101774
     1.46515    0.478045    0.502104   0.0135911
     1.61937    0.512866    0.520383   0.0132038
      1.7736    0.497257    0.526287   0.0129951
     1.92782    0.433858    0.490723   0.0124678
     2.08205    0.443524    0.443321   0.0134783
     2.23627    0.443674    0.403979   0.0145974
      2.3905    0.321768    0.358988   0.0132833
     2.54473    0.203766    0.296284   0.0123424
     2.69895     0.17756    0.230351   0.0100558
     2.85318      0.1464    0.179183  0.00868305
      3.0074    0.138295    0.153698  0.00966409
     3.16163   0.0725848     0.11812  0.00665011
     3.31585    0.111069   0.0796868  0.00618622
     3.47008    0.109628    0.062838  0.00548188
     3.62431    0.117673   0.0542989   0.0049376
     3.77853   0.0485099   0.0390056  0.00387811
     3.93276   0.0738155   0.0230196  0.00283945
     4.08698   0.0120975    0.014883   0.0019147
     4.24121  0.00213131  0.00969521  0.00193267
     4.39544  0.00138085  0.00776094  0.00210592
     4.54966           0  0.00684961  0.00163019


# Block 40
   0.0771129           0  0.00272343 0.000500683
    0.231339   0.0193619   0.0241822  0.00288614
    0.385565   0.0684722   0.0784879  0.00550733
     0.53979   0.0932375    0.120563  0.00687083
    0.694016     0.25873    0.207872  0.00820082
    0.848242    0.310241    0.278466   0.0103177
     1.00247    0.526315    0.346823    0.010077
     1.15669    0.461655    0.434528   0.0121053
     1.31092    0.492244    0.466627  0.00994418
     1.46515    0.456672    0.500968   0.0132987
     1.61937     0.58338    0.521958   0.0129673
      1.7736    0.404349    0.523238   0.0130228
     1.92782     0.43827    0.489412   0.0122248
     2.08205    0.427554    0.442927   0.0131471
     2.23627     0.29178    0.401174   0.0144994
      2.3905    0.367817    0.359209   0.0129531
     2.54473    0.303907    0.296474   0.0120354
     2.69895    0.196051    0.229493  0.00984088
     2.85318    0.270197    0.181458  0.00875902
      3.0074     0.12977      0.1531  0.00944099
     3.16163   0.0478495    0.116363  0.00671189
     3.31585   0.0816804   0.0797367  0.00603177
     3.47008    0.043857   0.0623635  0.00536533
     3.62431   0.0269266   0.0536146  0.00486134
     3.77853   0.0560446   0.0394316  0.00380448
     3.93276   0.0431066   0.0235218  0.00281252
     4.08698   0.0265364   0.0151744  0.00188887
     4.24121  0.00255157  0.00951662  0.00189259
     4.39544 0.000120074  0.00756992  0.00206191
     4.54966 0.000120074  0.00668137  0.00159809


# Block 41
   0.0771129 9.00555e-05   0.0026592 0.000492574
    0.231339   0.0279472    0.024274   0.0028172
    0.385565   0.0996014   0.0790029  0.00539703
     0.53979    0.172576    0.121832  0.00681936
    0.694016    0.283195    0.209709  0.00820399
    0.848242    0.274489    0.278369   0.0100665
     1.00247     0.43854     0.34906   0.0100764
     1.15669    0.510615    0.436384   0.0119514
     1.31092    0.504011    0.467539  0.00974335
     1.46515     0.43716    0.499412   0.0130651
     1.61937    0.529767    0.522149   0.0126524
      1.7736    0.469069    0.521917    0.012772
     1.92782    0.331524    0.485561   0.0125185
     2.08205     0.30733     0.43962   0.0132359
     2.23627    0.350406    0.399936   0.0141986
      2.3905     0.34107    0.358767   0.0126447
     2.54473    0.277401    0.296009   0.0117508
     2.69895    0.207578    0.228959  0.00961536
     2.85318    0.237747    0.182831  0.00865231
      3.0074    0.235075    0.155099  0.00942005
     3.16163    0.127188    0.116627  0.00655338
     3.31585   0.0617481   0.0792979  0.00590059
     3.47008   0.0916465   0.0630777  0.00528179
     3.62431   0.0510015   0.0535508  0.00474319
     3.77853   0.0258459   0.0391002  0.00372609
     3.93276    0.034071   0.0237791  0.00275566
     4.08698   0.0362023   0.0156872  0.00191116
     4.24121  0.00297183  0.00935699  0.00185315
     4.39544 9.00555e-05  0.00738748  0.00201968
     4.54966 0.000120074  0.00652134   0.0015671


# Block 42
   0.0771129 0.000900555  0.00261733 0.000482622
    0.231339  0.00663409    0.023854  0.00278126
    0.385565   0.0392642   0.0780567  0.00535082
     0.53979    0.087504    0.121015   0.0067058
    0.694016    0.157027    0.208455  0.00810398
    0.848242    0.360973    0.280336   0.0100171
     1.00247    0.447216    0.351397   0.0101039
     1.15669    0.554172    0.439188   0.0119914
     1.31092     0.64867    0.471852   0.0104222
     1.46515    0.477775    0.498897   0.0127642
     1.61937    0.501519    0.521657   0.0123607
      1.7736    0.590884    0.523559   0.0125731
     1.92782    0.383547    0.483132   0.0124539
     2.08205    0.280673    0.435835   0.0134509
     2.23627    0.285776    0.397218   0.0141183
      2.3905     0.37352    0.359118   0.0123485
     2.54473     0.19437    0.293589   0.0117175
     2.69895    0.217214    0.228679  0.00939049
     2.85318    0.179331    0.182748   0.0084467
      3.0074    0.169274    0.155437  0.00920181
     3.16163    0.173957    0.117992  0.00653796
     3.31585    0.103234   0.0798678  0.00578755
     3.47008    0.090746   0.0637365  0.00519696
     3.62431   0.0591965   0.0536853  0.00463216
     3.77853   0.0524423   0.0394179  0.00365089
     3.93276  0.00819505    0.023408  0.00271492
     4.08698   0.0207128   0.0158069   0.0018694
     4.24121   0.0149492  0.00949014   0.0018138
     4.39544  0.00432267  0.00731451  0.00197291
     4.54966           0  0.00636607  0.00153747


# Block 43
   0.0771129 0.000150093  0.00255995 0.000474797
    0.231339  0.00543335   0.0234256  0.00274937
    0.385565   0.0793389   0.0780865  0.00522646
     0.53979    0.101973    0.120572  0.00656445
    0.694016    0.161289    0.207358   0.0079894
    0.848242    0.223698    0.279019  0.00987034
     1.00247    0.466097    0.354064    0.010215
     1.15669    0.436829    0.439133   0.0117127
     1.31092    0.386729    0.469872   0.0103661
     1.46515    0.506622    0.499077   0.0124686
     1.61937    0.592626    0.523308   0.0121829
      1.7736    0.495756    0.522913   0.0122973
     1.92782    0.653443    0.487093   0.0127785
     2.08205    0.517849    0.437743   0.0132727
     2.23627    0.399757    0.397277   0.0137901
      2.3905    0.285146    0.357398   0.0121806
     2.54473    0.219195    0.291859   0.0115721
     2.69895    0.214933    0.228359  0.00917755
     2.85318    0.175038    0.182568  0.00825217
      3.0074    0.121755    0.154653  0.00902109
     3.16163    0.069673    0.116868  0.00648176
     3.31585   0.0851925   0.0799917  0.00565428
     3.47008    0.141507   0.0655451  0.00538162
     3.62431   0.0395344   0.0533562  0.00453611
     3.77853   0.0331705   0.0392726  0.00356888
     3.93276   0.0156697    0.023228  0.00265774
     4.08698   0.0530427   0.0166728  0.00201654
     4.24121  0.00255157  0.00932878  0.00177878
     4.39544           0  0.00714441  0.00193435
     4.54966           0  0.00621802  0.00150882


# Block 44
   0.0771129 0.000240148  0.00250723 0.000466924
    0.231339  0.00840518   0.0230842    0.002708
    0.385565   0.0315194   0.0770282  0.00521374
     0.53979   0.0860331    0.119787  0.00646202
    0.694016    0.198903    0.207166  0.00781014
    0.848242    0.314204    0.279818  0.00967835
     1.00247    0.396905    0.355038   0.0100291
     1.15669    0.400717     0.43826    0.011479
     1.31092    0.516919    0.470941   0.0101855
     1.46515    0.525474    0.499677   0.0121997
     1.61937    0.665751    0.526545   0.0123287
      1.7736    0.488761    0.522137   0.0120423
     1.92782    0.586142    0.489344   0.0126849
     2.08205    0.393513    0.436737    0.013009
     2.23627    0.267915    0.394337   0.0137865
      2.3905    0.261671    0.355222   0.0120965
     2.54473     0.22664    0.290377   0.0114036
     2.69895    0.207398    0.227883  0.00898132
     2.85318    0.245281    0.183994  0.00818678
      3.0074    0.160839    0.154794  0.00881716
     3.16163     0.14538    0.117516  0.00636675
     3.31585   0.0879843   0.0801733  0.00552869
     3.47008   0.0909861   0.0661233  0.00529028
     3.62431   0.0458383   0.0531853  0.00443624
     3.77853   0.0376732   0.0392362  0.00348795
     3.93276   0.0722546   0.0243423  0.00282125
     4.08698   0.0147091   0.0166282   0.0019712
     4.24121  0.00492304  0.00922865  0.00174117
     4.39544  0.00102063  0.00700523  0.00189538
     4.54966           0   0.0060767  0.00148113


# Block 45
   0.0771129  0.00174107   0.0024902 0.000456858
    0.231339  0.00492304   0.0226807  0.00267772
    0.385565    0.019512   0.0757501   0.0052522
     0.53979   0.0718643    0.118722  0.00640557
    0.694016    0.199053    0.206986  0.00763866
    0.848242    0.468289    0.284006   0.0103298
     1.00247    0.349265     0.35491  0.00980705
     1.15669     0.48609    0.439323    0.011273
     1.31092    0.483718    0.471225  0.00996314
     1.46515    0.529527     0.50034   0.0119466
     1.61937     0.55204    0.527112   0.0120677
      1.7736    0.463126    0.520825   0.0118458
     1.92782    0.521302    0.490054   0.0124228
     2.08205    0.298444    0.433664   0.0130779
     2.23627    0.495065    0.396575   0.0136606
      2.3905    0.350466    0.355116   0.0118281
     2.54473    0.229852    0.289032   0.0112292
     2.69895    0.164952    0.226484  0.00888995
     2.85318    0.121935    0.182615  0.00812018
      3.0074    0.134363     0.15434  0.00863291
     3.16163    0.130971    0.117815  0.00623229
     3.31585    0.164712   0.0820519  0.00571611
     3.47008   0.0789487   0.0664083  0.00518039
     3.62431   0.0690726   0.0535384  0.00435168
     3.77853   0.0361123   0.0391668  0.00341113
     3.93276     0.01624   0.0241622   0.0027643
     4.08698   0.0172606   0.0166423  0.00192745
     4.24121   0.0132682  0.00931841  0.00170479
     4.39544  0.00396244  0.00693761  0.00185447
     4.54966  0.00297183  0.00600771  0.00144983


# Block 46
   0.0771129  0.00528326  0.00255092 0.000450944
    0.231339   0.0165102   0.0225465  0.00262287
    0.385565    0.136674   0.0770745  0.00530239
     0.53979    0.119234    0.118733  0.00626633
    0.694016     0.14562    0.205652   0.0075882
    0.848242    0.237987    0.283006   0.0101536
     1.00247    0.412845    0.356169  0.00967439
     1.15669     0.42122    0.438929   0.0110348
     1.31092    0.479516    0.471406  0.00974818
     1.46515    0.430826    0.498829   0.0117821
     1.61937    0.509204    0.526722   0.0118116
      1.7736    0.479035    0.519917   0.0116231
     1.92782    0.542134    0.491186   0.0122043
     2.08205    0.401227    0.432959   0.0128126
     2.23627    0.449257    0.397721   0.0134116
      2.3905     0.42191    0.356568   0.0116598
     2.54473    0.274639    0.288719   0.0109895
     2.69895    0.198362    0.225873  0.00871768
     2.85318    0.208148     0.18317   0.0079626
      3.0074    0.128569     0.15378  0.00846339
     3.16163    0.102423    0.117481  0.00610578
     3.31585     0.17837   0.0841458  0.00596303
     3.47008   0.0869937   0.0668558  0.00508706
     3.62431     0.04869    0.053433  0.00425835
     3.77853   0.0414856   0.0392172  0.00333735
     3.93276  0.00783483   0.0238073   0.0027269
     4.08698           0   0.0162805   0.0019192
     4.24121           0  0.00911584  0.00167972
     4.39544           0  0.00678679  0.00182028
     4.54966           0   0.0058771  0.00142418


# Block 47
   0.0771129   0.0053433  0.00261033 0.000445246
    0.231339   0.0880743   0.0239407  0.00291415
    0.385565   0.0831813   0.0772044  0.00519116
     0.53979    0.104945     0.11844  0.00613987
    0.694016    0.137905     0.20421  0.00756241
    0.848242    0.262392    0.282567  0.00994702
     1.00247    0.343262    0.355894  0.00947245
     1.15669    0.495876    0.440141   0.0108663
     1.31092    0.509414    0.472214  0.00957425
     1.46515     0.53457    0.499589   0.0115559
     1.61937    0.504401    0.526248   0.0115699
      1.7736    0.429955    0.518003   0.0115323
     1.92782    0.480386    0.490957   0.0119468
     2.08205    0.410893     0.43249   0.0125486
     2.23627    0.504491    0.399992   0.0133173
      2.3905     0.33999    0.356216    0.011417
     2.54473    0.290339    0.288753   0.0107557
     2.69895    0.231863       0.226  0.00853313
     2.85318    0.180531    0.183114  0.00779338
      3.0074    0.164742    0.154013  0.00828653
     3.16163    0.047069    0.115983  0.00615692
     3.31585    0.118813   0.0848834   0.0058816
     3.47008   0.0702433   0.0669279  0.00497934
     3.62431   0.0609676   0.0535933  0.00417077
     3.77853   0.0508514   0.0394648  0.00327551
     3.93276   0.0257559   0.0238488  0.00266919
     4.08698  0.00282174   0.0159941  0.00189961
     4.24121 0.000390241  0.00893019  0.00165421
     4.39544   0.0045328  0.00673884  0.00178218
     4.54966           0  0.00575206  0.00139935


# Block 48
   0.0771129  0.00825509  0.00272793 0.000451233
    0.231339   0.0420559   0.0243181  0.00287777
    0.385565    0.115271   0.0779975  0.00514324
     0.53979    0.139646    0.118881  0.00602783
    0.694016    0.103654    0.202115  0.00768955
    0.848242    0.266234    0.282227  0.00974561
     1.00247    0.499118    0.358878  0.00973372
     1.15669    0.332215    0.437893   0.0108701
     1.31092    0.456251    0.471882  0.00938056
     1.46515    0.578217    0.501227   0.0114307
     1.61937    0.598779    0.527759   0.0114271
      1.7736    0.406241    0.515674   0.0115247
     1.92782    0.533309    0.491839   0.0117304
     2.08205    0.350616    0.430784   0.0124025
     2.23627    0.416567    0.400338   0.0130443
      2.3905    0.260951    0.354231   0.0113504
     2.54473    0.250595    0.287958    0.010561
     2.69895    0.337528    0.228324  0.00866592
     2.85318    0.179421    0.183037   0.0076314
      3.0074    0.198602    0.154942   0.0081658
     3.16163    0.155916    0.116815   0.0060846
     3.31585    0.035692   0.0838586  0.00584766
     3.47008    0.035602   0.0662753  0.00491818
     3.62431   0.0103864   0.0526931  0.00417988
     3.77853   0.0732752   0.0401691  0.00328213
     3.93276   0.0199023   0.0237665  0.00261485
     4.08698   0.0559845   0.0168273  0.00203454
     4.24121   0.0134183  0.00902369  0.00162239
     4.39544  0.00450278  0.00669225  0.00174566
     4.54966  0.00312193  0.00569726  0.00137127


# Block 49
   0.0771129  0.00282174  0.00272985 0.000442028
    0.231339   0.0318496   0.0244718  0.00282314
    0.385565    0.045418   0.0773326  0.00508107
     0.53979    0.116712    0.118837  0.00590497
    0.694016    0.338069     0.20489  0.00801757
    0.848242    0.436829    0.285382   0.0100445
     1.00247    0.432657    0.360384  0.00965082
     1.15669     0.48648    0.438884   0.0106934
     1.31092    0.507223    0.472603  0.00921681
     1.46515    0.558314    0.502392   0.0112566
     1.61937    0.410713     0.52537   0.0114408
      1.7736    0.305018    0.511375   0.0120648
     1.92782    0.330714    0.488551    0.011943
     2.08205    0.385678    0.429863   0.0121835
     2.23627    0.360372    0.399522   0.0128036
      2.3905    0.374181    0.354638    0.011126
     2.54473    0.258399    0.287355   0.0103626
     2.69895    0.201334    0.227773  0.00850655
     2.85318    0.207638    0.183539  0.00749215
      3.0074    0.163031    0.155107  0.00800082
     3.16163    0.115751    0.116793  0.00596046
     3.31585   0.0917066   0.0840188  0.00573052
     3.47008   0.0514818   0.0659733  0.00482707
     3.62431   0.0378233   0.0523897  0.00410558
     3.77853   0.0320298    0.040003  0.00321935
     3.93276   0.0313093   0.0239205  0.00256601
     4.08698   0.0736654   0.0179872  0.00230004
     4.24121   0.0417858   0.0096923  0.00172155
     4.39544   0.0215833  0.00699615  0.00173629
     4.54966 0.000990611  0.00560121  0.00134665


# Block 50
   0.0771129 0.000540333  0.00268606 0.000435351
    0.231339  0.00588363   0.0241001  0.00279105
    0.385565   0.0359922   0.0765058  0.00504627
     0.53979   0.0984007    0.118428    0.005801
    0.694016    0.228741    0.205367   0.0078714
    0.848242    0.328553    0.286246  0.00988063
     1.00247    0.493925    0.363055  0.00982042
     1.15669    0.526074    0.440628   0.0106207
     1.31092    0.373881    0.470628  0.00924154
     1.46515    0.529677    0.502938   0.0110447
     1.61937    0.541894      0.5257   0.0112168
      1.7736    0.699251    0.515133   0.0123948
     1.92782    0.461084    0.488001   0.0117168
     2.08205    0.380184     0.42887   0.0119803
     2.23627    0.279202    0.397116   0.0127716
      2.3905    0.209559    0.351737   0.0112755
     2.54473    0.264613      0.2869   0.0101654
     2.69895     0.21013     0.22742  0.00834374
     2.85318    0.143278    0.182734  0.00738545
      3.0074    0.121215    0.154429  0.00786947
     3.16163   0.0825809    0.116109  0.00588039
     3.31585    0.114371   0.0846258  0.00564797
     3.47008   0.0707837   0.0660695  0.00473149
     3.62431   0.0611177   0.0525642  0.00402718
     3.77853   0.0326001    0.039855  0.00315837
     3.93276   0.0790688   0.0250234  0.00274151
     4.08698   0.0297483   0.0182224  0.00226604
     4.24121   0.0175008  0.00984847  0.00169419
     4.39544    0.011377  0.00708377  0.00170377
     4.54966   0.0226039  0.00594126  0.00136197


